#epoch	step	MAE/at	MAEF	Val_MAE/at	Val_MAEF
1	100	0.13559274	0.91953796	0.118257776	0.87972367
2	200	0.12847015	0.79879373	0.10962848	0.742618
3	300	0.114616096	0.65679395	0.10728977	0.64248997
4	400	0.08908102	0.6142833	0.10523541	0.57959044
5	500	0.081727326	0.5440935	0.071692534	0.5614118
6	600	0.070754424	0.55947804	0.06256975	0.5339734
7	700	0.09338864	0.52280587	0.06043536	0.5273734
8	800	0.06788225	0.55565876	0.06510272	0.5096965
9	900	0.07631474	0.5668074	0.06047369	0.50453
10	1000	0.07410295	0.49107632	0.08392803	0.48901808
11	1100	0.08390577	0.49669337	0.10391349	0.49124473
12	1200	0.067423455	0.4631684	0.08140983	0.48235515
13	1300	0.057104886	0.47431764	0.0931028	0.4721667
14	1400	0.07925029	0.49012983	0.07321125	0.46604028
15	1500	0.05231148	0.4711006	0.05331457	0.45499417
16	1600	0.073880166	0.48648667	0.051622406	0.45354655
17	1700	0.06573129	0.49722293	0.05366692	0.4419841
18	1800	0.052869122	0.40221852	0.051182557	0.4413834
19	1900	0.059827678	0.4655963	0.05089079	0.4480209
20	2000	0.05357922	0.43876797	0.06951919	0.43865865
21	2100	0.05150014	0.42726353	0.054634005	0.4446709
22	2200	0.054869577	0.37662083	0.05295911	0.42450732
23	2300	0.06741448	0.48381078	0.050966606	0.42162982
24	2400	0.047613487	0.40712416	0.048382398	0.41307697
25	2500	0.05487271	0.45705372	0.044505127	0.4095337
26	2600	0.06791569	0.43870667	0.04760157	0.41205725
27	2700	0.06308861	0.41123927	0.06126779	0.4078079
28	2800	0.05529006	0.43005064	0.055057567	0.4037438
29	2900	0.069548436	0.42565656	0.058308214	0.41066134
30	3000	0.05427438	0.3936629	0.046390504	0.3996282
31	3100	0.06620452	0.39674827	0.067779094	0.3965456
32	3200	0.051103532	0.39178932	0.071054064	0.40226847
33	3300	0.06831079	0.42101982	0.0766976	0.38922235
34	3400	0.057583503	0.40506008	0.057553805	0.38871896
35	3500	0.052308343	0.38947684	0.08178275	0.39007637
36	3600	0.044130582	0.39387128	0.075217724	0.383859
37	3700	0.05926046	0.3876223	0.08147152	0.38549638
38	3800	0.05347089	0.3835469	0.09140679	0.38016152
39	3900	0.05072252	0.3782127	0.05274117	0.37843582
40	4000	0.047201805	0.40376684	0.056754522	0.37564448
41	4100	0.053566203	0.36758175	0.04132759	0.3821234
42	4200	0.0567431	0.41359708	0.046984334	0.37841982
43	4300	0.055355	0.41017586	0.043042894	0.3800236
44	4400	0.055063646	0.40331915	0.06344615	0.37648866
45	4500	0.055850603	0.39700988	0.06973469	0.37264517
46	4600	0.050023053	0.3676492	0.043725207	0.37151316
47	4700	0.0521976	0.3572798	0.041389756	0.3628899
48	4800	0.04531247	0.36954287	0.052611742	0.3603451
49	4900	0.070552595	0.40696684	0.054742984	0.37229076
50	5000	0.048779424	0.38944313	0.048030168	0.35815486
51	5100	0.07053107	0.38525337	0.07365914	0.3599863
52	5200	0.046219397	0.3143979	0.05084871	0.3567248
53	5300	0.0688627	0.40200076	0.047328442	0.3635973
54	5400	0.056924123	0.36644143	0.044438224	0.36205542
55	5500	0.060963	0.33533752	0.05092779	0.35384342
56	5600	0.04919549	0.34083968	0.070529446	0.35483384
57	5700	0.05646116	0.34338617	0.04884714	0.35003662
58	5800	0.07127273	0.3765935	0.04432803	0.3535236
59	5900	0.05882949	0.3717704	0.05447229	0.34863368
60	6000	0.04486273	0.32786208	0.048211224	0.34520972
61	6100	0.059547305	0.32613605	0.10649082	0.36147377
62	6200	0.048209608	0.30067757	0.07867679	0.34927985
63	6300	0.044259597	0.3785368	0.05515333	0.35497376
64	6400	0.04392651	0.36451674	0.079003386	0.34503004
65	6500	0.07202545	0.3302498	0.07925652	0.35117528
66	6600	0.05586849	0.39124855	0.051859774	0.3472169
67	6700	0.044136785	0.35270336	0.04915974	0.35599178
68	6800	0.06437496	0.3219496	0.082773946	0.33917758
69	6900	0.041704524	0.361713	0.039345782	0.33901075
70	7000	0.047599036	0.34877574	0.061330955	0.33646053
71	7100	0.05354027	0.3782181	0.05582699	0.34883305
72	7200	0.06615524	0.36159432	0.054499723	0.33954206
73	7300	0.0538724	0.35372362	0.04290291	0.33575907
74	7400	0.04884413	0.37249246	0.052664597	0.34982497
75	7500	0.05498137	0.3556457	0.05949499	0.33093852
76	7600	0.052503046	0.33641446	0.04809741	0.33541143
77	7700	0.050700814	0.31825763	0.06459272	0.33329806
78	7800	0.06409222	0.33924052	0.0703142	0.32924402
79	7900	0.040037252	0.34531766	0.052855805	0.33500475
80	8000	0.056220703	0.29184115	0.045826066	0.33822796
81	8100	0.04166319	0.36568117	0.040597044	0.33547243
82	8200	0.047915902	0.30937916	0.055381067	0.3304845
83	8300	0.045702305	0.33158687	0.049214736	0.33705807
84	8400	0.035619657	0.34712112	0.04447431	0.32773298
85	8500	0.07472445	0.34640968	0.044497646	0.33548817
86	8600	0.06816094	0.33976272	0.086358	0.3317267
87	8700	0.051070083	0.32327735	0.06562469	0.32432878
88	8800	0.042901188	0.33032355	0.040758513	0.3429077
89	8900	0.045194175	0.33251455	0.048616316	0.3323546
90	9000	0.046234243	0.31386217	0.0680061	0.32482904
91	9100	0.051962264	0.37056407	0.07206234	0.3261736
92	9200	0.03847657	0.33648217	0.04739104	0.3259554
93	9300	0.053548064	0.37605718	0.06990228	0.32762507
94	9400	0.059247173	0.29974875	0.073459744	0.32199237
95	9500	0.053551883	0.31174845	0.035493486	0.32310545
96	9600	0.042601146	0.31059632	0.03869054	0.32138625
97	9700	0.04721454	0.35666627	0.03696986	0.3209057
98	9800	0.05757109	0.37184107	0.061833818	0.3213963
99	9900	0.06523333	0.34064406	0.044705126	0.32674766
100	10000	0.04692459	0.30648804	0.050829645	0.3297739
101	10100	0.057529554	0.3170466	0.06726186	0.32188278
102	10200	0.03966953	0.36073807	0.040486045	0.3149358
103	10300	0.04377175	0.33979568	0.05868829	0.3199452
104	10400	0.04480388	0.3436041	0.054099236	0.31862018
105	10500	0.050866343	0.34700954	0.04454724	0.31873217
106	10600	0.055077977	0.37785318	0.04546883	0.3385733
107	10700	0.04577729	0.30664557	0.03903523	0.31515324
108	10800	0.05134745	0.35089767	0.06442579	0.31841195
109	10900	0.052391294	0.3199171	0.043774843	0.32000658
110	11000	0.038984865	0.3246766	0.037081745	0.31593925
111	11100	0.04522508	0.34086758	0.04200149	0.3236096
112	11200	0.04054795	0.3069714	0.04526553	0.31638142
113	11300	0.04172185	0.31535143	0.06868972	0.31480822
114	11400	0.04412027	0.33872646	0.0362535	0.32766986
115	11500	0.039756525	0.30960107	0.040069122	0.31362697
116	11600	0.04955184	0.3328894	0.051570326	0.31943938
117	11700	0.04408126	0.30394733	0.054044865	0.32007062
118	11800	0.04193741	0.29574394	0.034102626	0.32002214
119	11900	0.03911468	0.32933223	0.055060178	0.3150499
120	12000	0.047827266	0.32153645	0.041263603	0.31154588
121	12100	0.050311655	0.31405824	0.0345952	0.31250998
122	12200	0.040729046	0.30493614	0.0362661	0.3071691
123	12300	0.052075382	0.3060623	0.050651677	0.32600835
124	12400	0.04442726	0.3367611	0.050587513	0.3110338
125	12500	0.041273642	0.29092482	0.043763097	0.31039536
126	12600	0.058740932	0.3273012	0.06175358	0.31512168
127	12700	0.04177735	0.33371094	0.05514405	0.3140076
128	12800	0.04885803	0.32808062	0.048973583	0.33097517
129	12900	0.03241524	0.3039552	0.046120763	0.31255004
130	13000	0.043682627	0.290798	0.036430497	0.30865407
131	13100	0.051640138	0.36331853	0.053129584	0.31401426
132	13200	0.036536608	0.32266977	0.06507239	0.30677775
133	13300	0.035737205	0.30824417	0.03286592	0.31239998
134	13400	0.065978944	0.32095945	0.063548714	0.3284304
135	13500	0.059845574	0.25903428	0.104851194	0.31601545
136	13600	0.047406092	0.30895737	0.0493311	0.31826064
137	13700	0.04709893	0.3147486	0.03937288	0.3057768
138	13800	0.05990801	0.29962412	0.07006654	0.3122368
139	13900	0.06290154	0.31291673	0.04927174	0.31050572
140	14000	0.053244784	0.29259738	0.054898836	0.30926073
141	14100	0.050754216	0.3258581	0.033926237	0.30942643
142	14200	0.042287774	0.32257792	0.035752118	0.30314523
143	14300	0.045846023	0.31839037	0.039362986	0.30549634
144	14400	0.041356336	0.32400936	0.05806924	0.30956852
145	14500	0.05028903	0.2943461	0.05179574	0.30371535
146	14600	0.03521134	0.32699206	0.04220741	0.30592877
147	14700	0.039272055	0.304786	0.037326097	0.30125672
148	14800	0.04101043	0.31469226	0.04909478	0.30347285
149	14900	0.047137577	0.35482776	0.03693114	0.31204578
150	15000	0.039823625	0.269608	0.041299302	0.30134255
151	15100	0.044538025	0.31399125	0.046294082	0.31367627
152	15200	0.05452288	0.31007105	0.042391624	0.31209815
153	15300	0.041850515	0.3576928	0.036208894	0.30607697
154	15400	0.045288764	0.31537148	0.034385905	0.29789123
155	15500	0.061460022	0.28196964	0.04591998	0.30376777
156	15600	0.044297133	0.29451472	0.053075638	0.30204022
157	15700	0.04495076	0.31541154	0.050203588	0.29925466
158	15800	0.04690377	0.28654504	0.066665985	0.31117365
159	15900	0.051857278	0.29130274	0.051890273	0.3077053
160	16000	0.038951565	0.35257152	0.03308873	0.30594465
161	16100	0.039230727	0.31660044	0.036957156	0.3132299
162	16200	0.04634004	0.32141247	0.048808306	0.29563758
163	16300	0.0507326	0.34079552	0.061918862	0.30459538
164	16400	0.035767924	0.29529	0.035976924	0.29832307
165	16500	0.046662472	0.32022834	0.058187295	0.299502
166	16600	0.035271652	0.28398412	0.03257407	0.30608138
167	16700	0.043744065	0.29192287	0.03812344	0.3043357
168	16800	0.046683032	0.31449786	0.055379353	0.2945098
169	16900	0.038419954	0.31751415	0.04088623	0.30036923
170	17000	0.04806335	0.31344703	0.037120838	0.31072667
171	17100	0.04179471	0.3102141	0.048750244	0.30242303
172	17200	0.032317527	0.31807727	0.037567873	0.30345902
173	17300	0.03513083	0.30380642	0.034719244	0.29633966
174	17400	0.05017593	0.30985177	0.055496167	0.29954284
175	17500	0.058393195	0.30046302	0.03636611	0.3034647
176	17600	0.0354811	0.28125638	0.04240186	0.30270657
177	17700	0.03157357	0.305573	0.036760136	0.2978094
178	17800	0.034538526	0.29966453	0.04865879	0.29528642
179	17900	0.044334326	0.31408828	0.042991657	0.30127957
180	18000	0.038644195	0.29867107	0.040791567	0.29917207
181	18100	0.048079353	0.3245335	0.03759342	0.30740198
182	18200	0.03383082	0.26018575	0.03535948	0.30019352
183	18300	0.07564731	0.31075206	0.14205143	0.29640278
184	18400	0.05452238	0.29225743	0.03931731	0.295283
185	18500	0.045559265	0.30554008	0.04739329	0.30094677
186	18600	0.042648625	0.33651865	0.043540504	0.30400553
187	18700	0.04395585	0.29388213	0.055841133	0.2942995
188	18800	0.04181203	0.29109642	0.034287337	0.29537654
189	18900	0.061	0.2963959	0.06303302	0.29626766
190	19000	0.04231362	0.29640135	0.04172027	0.29271993
191	19100	0.05208435	0.34258837	0.035982013	0.29677653
192	19200	0.037138876	0.24857998	0.03897712	0.29083878
193	19300	0.042826477	0.32302687	0.043133054	0.30856782
194	19400	0.045223713	0.32816646	0.03773554	0.29375708
195	19500	0.044207837	0.33502257	0.032207984	0.29881945
196	19600	0.03823636	0.2874721	0.053555224	0.29728928
197	19700	0.04464308	0.2619322	0.052397817	0.29045662
198	19800	0.051442802	0.33175784	0.040484436	0.30225575
199	19900	0.052530434	0.33499295	0.065235555	0.29456538
200	20000	0.03297494	0.3189019	0.03855239	0.29551265
201	20100	0.03401838	0.3078842	0.03406238	0.29286173
202	20200	0.040394906	0.29493526	0.050383735	0.2997242
203	20300	0.041175414	0.3023196	0.042113896	0.29734403
204	20400	0.036169507	0.32766795	0.039438702	0.2917182
205	20500	0.041532654	0.3040719	0.040448446	0.29132193
206	20600	0.034745958	0.31363887	0.035187993	0.2988536
207	20700	0.042688042	0.27884966	0.037971724	0.28961784
208	20800	0.06354164	0.2871034	0.09408204	0.2911082
209	20900	0.049329296	0.3083116	0.041327726	0.30304238
210	21000	0.041517295	0.30972463	0.03451882	0.28817216
211	21100	0.043788522	0.3247929	0.032333877	0.2883986
212	21200	0.04875915	0.30305803	0.046192244	0.2881554
213	21300	0.042358916	0.30487135	0.04744764	0.3021771
214	21400	0.042663183	0.2923574	0.043281823	0.29591534
215	21500	0.047467776	0.272125	0.048106816	0.2872778
216	21600	0.035377245	0.29192337	0.037644394	0.2915366
217	21700	0.039252285	0.285083	0.05486936	0.28636658
218	21800	0.05215683	0.28860363	0.044298265	0.29409906
219	21900	0.038084574	0.2972511	0.032606535	0.28742152
220	22000	0.053234026	0.3052593	0.053241845	0.29252645
221	22100	0.045386996	0.30638626	0.045878682	0.28782076
222	22200	0.036998328	0.28069785	0.03593908	0.28817624
223	22300	0.049922824	0.29025906	0.044558622	0.29258007
224	22400	0.041006133	0.30616295	0.04633966	0.28905618
225	22500	0.05358993	0.25065765	0.037172724	0.28470173
226	22600	0.035578944	0.2742755	0.03374804	0.2901968
227	22700	0.04784238	0.29557526	0.054261122	0.2977088
228	22800	0.03706354	0.25974873	0.05792838	0.2892859
229	22900	0.03262137	0.28050998	0.048308283	0.2875484
230	23000	0.04810858	0.3253267	0.033320885	0.2899554
231	23100	0.036190774	0.29129052	0.03479422	0.2842675
232	23200	0.033151142	0.26952636	0.0383034	0.28761983
233	23300	0.056692865	0.31154624	0.06634044	0.29164988
234	23400	0.037593033	0.31662157	0.033056602	0.2908196
235	23500	0.040427465	0.28288975	0.0387878	0.28860202
236	23600	0.05043973	0.2798944	0.032092232	0.29356924
237	23700	0.029600585	0.2773254	0.032577954	0.28403458
238	23800	0.066356726	0.30713063	0.043902382	0.2941026
239	23900	0.039269466	0.24011584	0.034955025	0.2871592
240	24000	0.039248496	0.293276	0.042575385	0.28821442
241	24100	0.046959057	0.31419757	0.06514757	0.29417014
242	24200	0.039955646	0.27614486	0.03660256	0.28950292
243	24300	0.036418512	0.29500967	0.041640397	0.28632537
244	24400	0.035519667	0.31147468	0.053126227	0.286077
245	24500	0.053111788	0.27425072	0.061677907	0.2837961
246	24600	0.038291954	0.2577156	0.03763147	0.29633242
247	24700	0.047927365	0.27240753	0.03708699	0.2806923
248	24800	0.049079675	0.32128033	0.036898915	0.28540808
249	24900	0.044310827	0.29601943	0.036461987	0.29542103
250	25000	0.04576623	0.31088704	0.04281912	0.2861943
251	25100	0.035472654	0.3053951	0.05646566	0.28821072
252	25200	0.04036953	0.26828152	0.035557058	0.2848813
253	25300	0.041296538	0.3236004	0.03601681	0.2910983
254	25400	0.03999082	0.29031244	0.04321326	0.28783387
255	25500	0.03611341	0.27082938	0.03652119	0.28452086
256	25600	0.04417963	0.30012718	0.036072675	0.28461233
257	25700	0.03602119	0.29843217	0.038309734	0.28197157
258	25800	0.037811305	0.25923213	0.060566325	0.2840218
259	25900	0.04665478	0.32660234	0.04821654	0.28590044
260	26000	0.044108834	0.29486308	0.041740928	0.28653827
261	26100	0.03956071	0.2992703	0.045068055	0.28565264
262	26200	0.027502216	0.26213682	0.035636667	0.2853837
263	26300	0.039447837	0.2948897	0.042134535	0.292415
264	26400	0.061413754	0.2943817	0.054235034	0.29337537
265	26500	0.042483557	0.28666234	0.05088133	0.28172642
266	26600	0.03603283	0.28404838	0.030370668	0.2875754
267	26700	0.03532935	0.27598047	0.03203357	0.2833566
268	26800	0.03122877	0.24511746	0.040351592	0.29381797
269	26900	0.034708656	0.31325155	0.045195166	0.28430882
270	27000	0.032590255	0.28593528	0.039578628	0.28302675
271	27100	0.05898827	0.27663225	0.044926267	0.28142077
272	27200	0.038928766	0.2735253	0.04294065	0.28264454
273	27300	0.034570754	0.29163057	0.033707015	0.28215513
274	27400	0.033504087	0.26997194	0.04918117	0.2788849
275	27500	0.033398073	0.24081913	0.038168408	0.2827966
276	27600	0.050342113	0.27568546	0.05580514	0.28289104
277	27700	0.03978175	0.26356015	0.032269146	0.28412965
278	27800	0.04058175	0.27984098	0.06299514	0.28745723
279	27900	0.051746145	0.2712285	0.043442473	0.28187203
280	28000	0.037130017	0.26356536	0.03235136	0.28621566
281	28100	0.04927435	0.2723231	0.049727328	0.28339687
282	28200	0.03349452	0.2505093	0.036827482	0.27791363
283	28300	0.057590842	0.33069456	0.03182486	0.2797127
284	28400	0.037197445	0.2964897	0.03628932	0.28419
285	28500	0.040899858	0.29759407	0.045343738	0.2833625
286	28600	0.05702315	0.28603262	0.04893263	0.28470877
287	28700	0.044163994	0.2858816	0.03815854	0.27957055
288	28800	0.030715426	0.2529321	0.033358466	0.27827552
289	28900	0.071351685	0.307212	0.046838824	0.28453422
290	29000	0.03885913	0.29400676	0.072882354	0.28569302
291	29100	0.03124942	0.28437302	0.035091385	0.28038865
292	29200	0.049701024	0.3222717	0.055077605	0.28415275
293	29300	0.042786486	0.3058861	0.04062662	0.28648266
294	29400	0.03928209	0.2736885	0.03834657	0.28404194
295	29500	0.039654464	0.24639668	0.033221368	0.2805388
296	29600	0.03920275	0.27069327	0.030759934	0.28667465
297	29700	0.039991226	0.26784265	0.041514516	0.2784837
298	29800	0.029071758	0.24597189	0.037972227	0.2780737
299	29900	0.034917943	0.27592936	0.0383051	0.27952644
300	30000	0.030981503	0.2439513	0.03662213	0.2843626
301	30100	0.037570067	0.25563127	0.034170445	0.27807963
302	30200	0.037920456	0.3131366	0.0389963	0.2779571
303	30300	0.044508763	0.31456068	0.040416572	0.28105104
304	30400	0.039541475	0.28881997	0.03319679	0.27877957
305	30500	0.04912275	0.24327397	0.04181253	0.27943146
306	30600	0.037127554	0.29807466	0.047469128	0.27964568
307	30700	0.03976124	0.2334879	0.030929448	0.27781197
308	30800	0.042795345	0.23701598	0.044829983	0.2792074
309	30900	0.03828664	0.29915628	0.03481784	0.29205763
310	31000	0.0468172	0.26299012	0.046540618	0.2773525
311	31100	0.036577657	0.29170835	0.035192557	0.2773078
312	31200	0.03808429	0.30799997	0.031335328	0.2822885
313	31300	0.03626996	0.30221385	0.033944905	0.2869488
314	31400	0.037221886	0.29328722	0.040394526	0.2826552
315	31500	0.05420064	0.31417915	0.07004842	0.277089
316	31600	0.034891713	0.31547672	0.03209167	0.28924996
317	31700	0.026241533	0.26782125	0.035647195	0.27548096
318	31800	0.05027435	0.27432305	0.031178603	0.27707493
319	31900	0.047660682	0.32780957	0.043187056	0.2815272
320	32000	0.035559226	0.28342497	0.03196278	0.2760823
321	32100	0.03643591	0.29956105	0.031263642	0.27944878
322	32200	0.029009484	0.26139972	0.034560222	0.27748293
323	32300	0.03511634	0.2878117	0.035995405	0.2848969
324	32400	0.035364196	0.292603	0.033740554	0.2835316
325	32500	0.040930737	0.31167734	0.036388107	0.2791278
326	32600	0.0519713	0.2677689	0.046583787	0.2774193
327	32700	0.033403136	0.2948339	0.033645697	0.27632657
328	32800	0.03385718	0.2594442	0.03153483	0.28219876
329	32900	0.039734755	0.27230194	0.059147913	0.28171533
330	33000	0.03142955	0.26512355	0.03358361	0.27422896
331	33100	0.037406687	0.3160192	0.030407373	0.28241706
332	33200	0.03657477	0.30153322	0.035937782	0.27379277
333	33300	0.037408855	0.2804489	0.036524583	0.27884856
334	33400	0.036768313	0.2788945	0.050899956	0.278869
335	33500	0.03671132	0.279657	0.04924008	0.27318147
336	33600	0.03713178	0.27758175	0.037601948	0.27769005
337	33700	0.037593547	0.27554464	0.03460206	0.27419597
338	33800	0.03979816	0.2538754	0.042597782	0.2776889
339	33900	0.033968672	0.26755822	0.030096572	0.27715465
340	34000	0.045736846	0.27398574	0.059170183	0.27956033
341	34100	0.040863767	0.2882445	0.050502624	0.2838526
342	34200	0.027585523	0.29872862	0.03386545	0.28297493
343	34300	0.051170472	0.34311855	0.03061283	0.27877948
344	34400	0.045495316	0.2940905	0.035256565	0.27412707
345	34500	0.04145798	0.2654915	0.044620316	0.27781034
346	34600	0.046485066	0.29285425	0.040825386	0.28134057
347	34700	0.039668597	0.29780433	0.06319661	0.27609417
348	34800	0.034180984	0.23898405	0.047199726	0.27676168
349	34900	0.039965685	0.28183216	0.062403075	0.27488825
350	35000	0.030309053	0.24111626	0.03473754	0.27456632
351	35100	0.04110611	0.26767907	0.0368421	0.27466652
352	35200	0.040721633	0.27253234	0.060460735	0.2759512
353	35300	0.03654796	0.31666455	0.031400785	0.27810577
354	35400	0.033894368	0.2627929	0.035115123	0.27667716
355	35500	0.039023776	0.28558868	0.03929026	0.27869198
356	35600	0.035990823	0.27907708	0.030332502	0.2795138
357	35700	0.025416952	0.2859815	0.031055167	0.27502844
358	35800	0.034538835	0.30347767	0.039902225	0.27849305
359	35900	0.05131717	0.2902419	0.03192885	0.2810597
360	36000	0.036324512	0.2756555	0.042744525	0.271154
361	36100	0.038269218	0.26502347	0.033292186	0.27351144
362	36200	0.033967663	0.2853522	0.060195226	0.2763133
363	36300	0.03770183	0.2987157	0.03599507	0.28501
364	36400	0.032323346	0.26893598	0.038858026	0.27100393
365	36500	0.040889453	0.25412732	0.038464155	0.27333742
366	36600	0.033692725	0.28103435	0.045003917	0.28126216
367	36700	0.027378043	0.26081988	0.031206075	0.27610844
368	36800	0.04094582	0.23766251	0.04324377	0.27220148
369	36900	0.037089713	0.2975292	0.038898923	0.27648723
370	37000	0.034090444	0.24077058	0.036380872	0.27795878
371	37100	0.04108419	0.280055	0.04141896	0.27259937
372	37200	0.02795543	0.26461437	0.035095613	0.2707831
373	37300	0.03473694	0.27756774	0.029119309	0.27372113
374	37400	0.03719203	0.27797174	0.042168256	0.27474064
375	37500	0.039279297	0.27299345	0.032236055	0.2753732
376	37600	0.03644274	0.30548573	0.036646217	0.27666155
377	37700	0.033565022	0.28381252	0.032563392	0.27070695
378	37800	0.0396782	0.25026882	0.039520252	0.27785826
379	37900	0.042544983	0.2955921	0.029459877	0.2775472
380	38000	0.030570222	0.27177313	0.030745996	0.27249062
381	38100	0.034135837	0.27869943	0.03592722	0.27228996
382	38200	0.029093191	0.237943	0.028869804	0.27170327
383	38300	0.03390631	0.25287828	0.029352996	0.27143854
384	38400	0.032848127	0.27865306	0.033314064	0.27126017
385	38500	0.04338738	0.31126657	0.048365533	0.27470982
386	38600	0.041044842	0.29372656	0.03879846	0.2756695
387	38700	0.039127532	0.30079183	0.050150856	0.2714836
388	38800	0.046205077	0.24818444	0.033527352	0.2793096
389	38900	0.04387018	0.27275485	0.03033896	0.27609974
390	39000	0.036890514	0.26633176	0.031051034	0.27191663
391	39100	0.044930134	0.28571683	0.03137864	0.27096698
392	39200	0.041018955	0.2802266	0.037499785	0.27331078
393	39300	0.026801359	0.26241767	0.03131369	0.27371332
394	39400	0.047163658	0.28133073	0.053555354	0.27541167
395	39500	0.029389754	0.24048753	0.031299066	0.2707625
396	39600	0.03398142	0.29481554	0.034984645	0.26967674
397	39700	0.035868507	0.2816625	0.030010253	0.27210775
398	39800	0.033033192	0.24137373	0.041444544	0.2707498
399	39900	0.033694524	0.30407214	0.029865926	0.27294925
400	40000	0.032285657	0.29610375	0.029655172	0.26911575
401	40100	0.033613883	0.30695367	0.047487948	0.27335882
402	40200	0.038611405	0.25204176	0.0398743	0.27137864
403	40300	0.03267003	0.31439915	0.033436112	0.2743007
404	40400	0.03278014	0.2852734	0.033964653	0.2696377
405	40500	0.047256216	0.25010124	0.038716316	0.27220812
406	40600	0.04340743	0.31452385	0.034587715	0.2739105
407	40700	0.03153492	0.28704217	0.04120861	0.26817748
408	40800	0.046269853	0.2502473	0.043260884	0.26892728
409	40900	0.034173906	0.2789793	0.036396235	0.27181688
410	41000	0.03911717	0.289825	0.055917777	0.27696562
411	41100	0.036582552	0.28373283	0.034224626	0.27031246
412	41200	0.029106583	0.24648142	0.042466246	0.26925656
413	41300	0.035971083	0.26526088	0.03046509	0.26991275
414	41400	0.03444517	0.28755456	0.03514405	0.27212584
415	41500	0.03672026	0.21285549	0.056318004	0.2729422
416	41600	0.03492211	0.26188496	0.030766949	0.26966974
417	41700	0.037640497	0.26248726	0.047376294	0.26820365
418	41800	0.029628178	0.25693005	0.03124736	0.27270913
419	41900	0.03345787	0.25745896	0.044325497	0.27728498
420	42000	0.033014417	0.2853859	0.030126689	0.26884678
421	42100	0.042352736	0.29188883	0.042071894	0.27410293
422	42200	0.039144725	0.28387946	0.032101687	0.2701158
423	42300	0.036548644	0.2734516	0.036795862	0.26945633
424	42400	0.037173346	0.3138423	0.050280023	0.26967597
425	42500	0.035527173	0.27652597	0.03339385	0.26943043
426	42600	0.035351932	0.2718399	0.03030947	0.27377123
427	42700	0.03531205	0.23516807	0.029900244	0.26730067
428	42800	0.03834186	0.28204635	0.02970551	0.2736581
429	42900	0.03455052	0.25029007	0.029977603	0.27289715
430	43000	0.031853925	0.24888384	0.028805505	0.2701504
431	43100	0.031907126	0.30363727	0.031735506	0.26939192
432	43200	0.043946363	0.25812083	0.07060982	0.27459875
433	43300	0.030816048	0.25639907	0.03292368	0.27000573
434	43400	0.0418671	0.27955064	0.056178983	0.27587146
435	43500	0.042777263	0.30301407	0.048336625	0.2747136
436	43600	0.038068313	0.27186134	0.029783951	0.26760387
437	43700	0.030392516	0.29672158	0.033548728	0.26756227
438	43800	0.031160982	0.2831206	0.03086844	0.27008292
439	43900	0.04000961	0.29346836	0.040299013	0.2759697
440	44000	0.02935871	0.28896698	0.040872216	0.27094015
441	44100	0.038190287	0.29107454	0.033305958	0.2710015
442	44200	0.03374715	0.2596149	0.037623983	0.27030927
443	44300	0.050573874	0.3032815	0.043602556	0.27225068
444	44400	0.04119282	0.2587715	0.041819416	0.2688163
445	44500	0.03267923	0.2622577	0.030139163	0.2693426
446	44600	0.033978786	0.25038412	0.053058017	0.26921016
447	44700	0.039684143	0.24128398	0.03236459	0.26744625
448	44800	0.039069008	0.31025884	0.054067016	0.27084306
449	44900	0.03477713	0.29503176	0.050423086	0.27816164
450	45000	0.032750707	0.26592013	0.030790392	0.2709519
451	45100	0.038068198	0.26730365	0.03379383	0.26752362
452	45200	0.036630724	0.28453857	0.039677534	0.2689667
453	45300	0.033423457	0.28279093	0.03087951	0.27435476
454	45400	0.038400594	0.27707487	0.041918356	0.26876932
455	45500	0.061872367	0.2843223	0.032842692	0.2706899
456	45600	0.03334048	0.26338935	0.028104419	0.27037492
457	45700	0.032274097	0.24171391	0.037206464	0.26819742
458	45800	0.032247055	0.23095919	0.036867395	0.26737672
459	45900	0.035246488	0.29161522	0.034862116	0.2697432
460	46000	0.02819764	0.25927535	0.031248381	0.26994535
461	46100	0.040196516	0.2900138	0.03854104	0.2679321
462	46200	0.05049108	0.29129645	0.034181524	0.27059832
463	46300	0.047468096	0.31963068	0.03917126	0.26635662
464	46400	0.030690184	0.26304907	0.027754905	0.27088767
465	46500	0.02890668	0.29971656	0.032725856	0.27305314
466	46600	0.029140593	0.25862733	0.029415349	0.27037784
467	46700	0.033339847	0.27796924	0.029452873	0.27491993
468	46800	0.029684884	0.25834912	0.033737484	0.27225196
469	46900	0.025806397	0.24582599	0.04090569	0.26952252
470	47000	0.036122873	0.25767222	0.030778816	0.26958755
471	47100	0.040453147	0.28046924	0.030061245	0.27116355
472	47200	0.03705685	0.26166964	0.029325718	0.2664198
473	47300	0.028249178	0.28203517	0.032558065	0.27624983
474	47400	0.033490393	0.27336013	0.040433757	0.2703646
475	47500	0.03572704	0.281283	0.030685728	0.26726466
476	47600	0.03272636	0.29648206	0.03259547	0.2682196
477	47700	0.033050004	0.25696313	0.032849535	0.2678372
478	47800	0.02810194	0.23027393	0.029841652	0.2679824
479	47900	0.03852231	0.26680422	0.036285672	0.26838318
480	48000	0.034518894	0.26496613	0.033597015	0.2673045
481	48100	0.03243149	0.28692934	0.036019478	0.26949525
482	48200	0.028470019	0.22832137	0.031767108	0.26549584
483	48300	0.029825842	0.28558275	0.031134391	0.26620173
484	48400	0.031779252	0.29111362	0.030310117	0.26799628
485	48500	0.03884469	0.23558986	0.02979237	0.26925617
486	48600	0.031608824	0.2673681	0.032715563	0.273251
487	48700	0.033151083	0.2639132	0.038858525	0.26740828
488	48800	0.03447068	0.29722512	0.031117635	0.26905045
489	48900	0.033550628	0.26283103	0.03859082	0.26743013
490	49000	0.03984133	0.26282093	0.030040927	0.26834723
491	49100	0.03691497	0.2948665	0.03369612	0.2669904
492	49200	0.035242435	0.28537807	0.055504188	0.26393357
493	49300	0.049322337	0.28500095	0.031358674	0.27720073
494	49400	0.032629356	0.25217313	0.03098032	0.26555654
495	49500	0.03724929	0.27447462	0.051338576	0.27070647
496	49600	0.049945056	0.27816552	0.06761483	0.270447
497	49700	0.034278497	0.2767301	0.03281833	0.26821914
498	49800	0.038052954	0.27381364	0.031164031	0.26542056
499	49900	0.030292481	0.2541853	0.02945133	0.2691548
500	50000	0.036326874	0.25290054	0.034395956	0.26824772
501	50100	0.031197352	0.28241473	0.029768188	0.27246806
502	50200	0.02736389	0.25611198	0.040328696	0.26473743
503	50300	0.05000734	0.2815594	0.059266474	0.26881224
504	50400	0.035726126	0.24906087	0.044345785	0.2652809
505	50500	0.041372932	0.2693522	0.05418104	0.26815325
506	50600	0.03523664	0.2821477	0.02961686	0.27123347
507	50700	0.03383395	0.28150862	0.033989836	0.26531047
508	50800	0.03351438	0.27346337	0.042843886	0.268703
509	50900	0.037006237	0.2265703	0.029478356	0.26412567
510	51000	0.032311548	0.25585374	0.033625618	0.26550004
511	51100	0.030898795	0.27185652	0.03182271	0.26461557
512	51200	0.03784666	0.24675591	0.033835966	0.27238828
513	51300	0.031220483	0.26452467	0.03559028	0.26566616
514	51400	0.03518336	0.28228107	0.03455798	0.2668638
515	51500	0.03355464	0.2263368	0.03220402	0.26716238
516	51600	0.03666295	0.25599706	0.02863955	0.27123114
517	51700	0.032505464	0.2781251	0.035591688	0.2660209
518	51800	0.02926749	0.23050049	0.030346906	0.2662431
519	51900	0.031531464	0.28143546	0.03174859	0.27562988
520	52000	0.03879868	0.24563232	0.050046593	0.26726127
521	52100	0.034765232	0.29256713	0.047486994	0.26705715
522	52200	0.031441588	0.25927755	0.035521712	0.26731566
523	52300	0.03194975	0.2714927	0.027146982	0.2688825
524	52400	0.04398401	0.27783406	0.047793467	0.26699588
525	52500	0.039357357	0.2548843	0.030829467	0.26674554
526	52600	0.028761381	0.27867	0.03428579	0.26662526
527	52700	0.03818217	0.24862519	0.03506765	0.26513234
528	52800	0.037043277	0.27175617	0.029417135	0.269651
529	52900	0.04102516	0.26824683	0.036571078	0.26610687
530	53000	0.035873435	0.28948966	0.03150064	0.2640512
531	53100	0.033900365	0.26660496	0.029102888	0.2704347
532	53200	0.04550819	0.27556688	0.04226947	0.26530418
533	53300	0.038198803	0.26413003	0.03537232	0.26575223
534	53400	0.027736317	0.27508512	0.03021831	0.26384184
535	53500	0.037177138	0.27901816	0.04311018	0.26472744
536	53600	0.03644605	0.27552506	0.032949086	0.27019656
537	53700	0.032670476	0.25999644	0.03144374	0.26311144
538	53800	0.036711868	0.24830544	0.03687071	0.26464534
539	53900	0.03172364	0.24039589	0.031075409	0.26548937
540	54000	0.040372837	0.26416084	0.05122838	0.26704657
541	54100	0.0314194	0.28415698	0.030042686	0.26277924
542	54200	0.03688525	0.31909728	0.03919814	0.26448023
543	54300	0.033001192	0.29107752	0.040602148	0.27548367
544	54400	0.04321205	0.28620967	0.028965738	0.26878366
545	54500	0.029829966	0.23139626	0.033475038	0.2620636
546	54600	0.0341809	0.25912845	0.0296854	0.26844588
547	54700	0.030349083	0.25671718	0.034338694	0.26437002
548	54800	0.034094144	0.26370186	0.034490526	0.26319456
549	54900	0.033712033	0.26642358	0.0369751	0.26452488
550	55000	0.026096221	0.2534209	0.029265897	0.26481602
551	55100	0.04036551	0.26200163	0.057162143	0.27056897
552	55200	0.029824886	0.23830979	0.033765405	0.2674455
553	55300	0.029436788	0.26116827	0.031798467	0.2629968
554	55400	0.029263142	0.2705468	0.033462346	0.26854387
555	55500	0.031897575	0.2541211	0.032186788	0.26494122
556	55600	0.03581758	0.2516746	0.030772582	0.2695588
557	55700	0.03057115	0.25077844	0.040605612	0.2656094
558	55800	0.03292223	0.24741843	0.044352733	0.2639373
559	55900	0.030052666	0.3066637	0.040289044	0.2723362
560	56000	0.038639225	0.2533115	0.029048616	0.2656871
561	56100	0.031898767	0.27481136	0.02837302	0.26574633
562	56200	0.030045902	0.28060126	0.02937849	0.26757222
563	56300	0.03439328	0.3041529	0.028085884	0.26934376
564	56400	0.03899394	0.27817917	0.05663583	0.26494512
565	56500	0.030702248	0.25520432	0.031547822	0.26258877
566	56600	0.03504271	0.29229817	0.03809113	0.2677708
567	56700	0.04165573	0.28237802	0.030148998	0.26075613
568	56800	0.03258682	0.2695564	0.041579973	0.2682738
569	56900	0.035060737	0.28057048	0.031347614	0.26522532
570	57000	0.039044097	0.28868714	0.029504398	0.26642063
571	57100	0.033441294	0.24476925	0.034244977	0.26123795
572	57200	0.028176272	0.26143846	0.02994059	0.26161677
573	57300	0.030550258	0.26027066	0.03090749	0.26571664
574	57400	0.033164196	0.30132937	0.03468939	0.2672767
575	57500	0.03137669	0.2530769	0.042984176	0.26231024
576	57600	0.035099607	0.2657019	0.02925368	0.26461327
577	57700	0.043515515	0.2602251	0.032756448	0.26398456
578	57800	0.028731037	0.26914844	0.034644704	0.26366857
579	57900	0.038396586	0.28819287	0.033034347	0.27455875
580	58000	0.03630723	0.2686908	0.037038177	0.26290718
581	58100	0.032699045	0.26643685	0.031724602	0.26446822
582	58200	0.026775489	0.2665047	0.040942706	0.26287004
583	58300	0.038481172	0.30220324	0.028155686	0.27268985
584	58400	0.033686742	0.27358663	0.03149416	0.2622441
585	58500	0.04656545	0.30040058	0.03839114	0.26450348
586	58600	0.030390656	0.2316859	0.028001044	0.26485807
587	58700	0.027863761	0.2461703	0.02992207	0.26297414
588	58800	0.037718378	0.2636987	0.030569835	0.26643413
589	58900	0.036699876	0.26596287	0.030166918	0.27001455
590	59000	0.02960778	0.26456574	0.030179942	0.2636827
591	59100	0.031209778	0.27403244	0.029579986	0.2639147
592	59200	0.029740473	0.26549393	0.032960635	0.26313895
593	59300	0.030999813	0.25458404	0.03252441	0.26503035
594	59400	0.027824536	0.26410726	0.03207156	0.26242086
595	59500	0.044624556	0.29520407	0.036761824	0.26396063
596	59600	0.028071314	0.2617669	0.03972112	0.26522967
597	59700	0.028856127	0.24599218	0.032159112	0.26050168
598	59800	0.02933472	0.26120746	0.032506745	0.26032388
599	59900	0.033329293	0.2799519	0.02936621	0.2639512
600	60000	0.0423257	0.28738904	0.029665098	0.2644396
601	60100	0.038828433	0.2581947	0.041912537	0.2638623
602	60200	0.03833949	0.26307067	0.03632798	0.2626448
603	60300	0.033173755	0.29540554	0.02965962	0.26591447
604	60400	0.024769377	0.27202904	0.02865636	0.2607582
605	60500	0.03257716	0.24278343	0.035569657	0.26105168
606	60600	0.03220859	0.2661646	0.028710105	0.26623228
607	60700	0.03201799	0.27146125	0.030374788	0.26275975
608	60800	0.032406926	0.2579946	0.039302405	0.2630444
609	60900	0.035033297	0.2707753	0.032249272	0.2718826
610	61000	0.041124176	0.26888928	0.039506327	0.26413906
611	61100	0.041964255	0.25644076	0.02842605	0.2653648
612	61200	0.03058623	0.26660624	0.033667583	0.26123664
613	61300	0.028385606	0.26346377	0.034516558	0.26475257
614	61400	0.03165993	0.26618102	0.028740434	0.2658766
615	61500	0.030913666	0.187005	0.03302032	0.2616945
616	61600	0.029818833	0.26155177	0.037883934	0.26175928
617	61700	0.028491823	0.23759922	0.040761247	0.25943074
618	61800	0.031557687	0.254931	0.03392753	0.2622712
619	61900	0.030350897	0.28180376	0.033077937	0.26122552
620	62000	0.03643493	0.2754698	0.037488382	0.26511794
621	62100	0.039848235	0.2796153	0.028465504	0.26328117
622	62200	0.026566274	0.23639506	0.037860677	0.26203653
623	62300	0.031703554	0.24884954	0.031042365	0.26606223
624	62400	0.03926465	0.2662107	0.03030553	0.26110685
625	62500	0.032711267	0.24093157	0.04466262	0.2620947
626	62600	0.030631673	0.25232044	0.03465884	0.26243296
627	62700	0.043933816	0.24560675	0.05064639	0.2702331
628	62800	0.026716817	0.23702112	0.030745136	0.26274452
629	62900	0.04391448	0.27870652	0.03534992	0.26401052
630	63000	0.030650573	0.26004124	0.03814651	0.26122782
631	63100	0.03483017	0.26434103	0.03153767	0.26371458
632	63200	0.049833365	0.28241247	0.045444183	0.2651191
633	63300	0.03327212	0.26776242	0.028706806	0.26213956
634	63400	0.029036703	0.24671908	0.032740127	0.2655936
635	63500	0.029176965	0.2545607	0.029958734	0.26158363
636	63600	0.03429457	0.27322567	0.03985796	0.26068842
637	63700	0.030499186	0.2511765	0.028090013	0.26072595
638	63800	0.034042787	0.2515707	0.031060008	0.2610504
639	63900	0.041905165	0.29271564	0.04544258	0.26272827
640	64000	0.035431433	0.26507232	0.04038681	0.26404935
641	64100	0.034787893	0.28524196	0.028675232	0.2619404
642	64200	0.02850002	0.24474072	0.0334188	0.26132724
643	64300	0.039699335	0.27168176	0.030319532	0.263483
644	64400	0.048704557	0.26501003	0.02974596	0.2615118
645	64500	0.0333602	0.21950322	0.04453285	0.26324144
646	64600	0.032187562	0.2630082	0.02980878	0.26214737
647	64700	0.03167374	0.27450088	0.03039026	0.2605808
648	64800	0.047351427	0.26590994	0.05628007	0.26192567
649	64900	0.036142536	0.2852447	0.035810307	0.2642792
650	65000	0.032282285	0.24689162	0.027411787	0.26255333
651	65100	0.033701807	0.26105642	0.02760357	0.26191023
652	65200	0.027536932	0.25492877	0.03994695	0.26150984
653	65300	0.032955784	0.28011382	0.027127119	0.26329315
654	65400	0.03507027	0.2728586	0.043299984	0.2633073
655	65500	0.033008654	0.24581164	0.028703157	0.26292965
656	65600	0.031183613	0.2575813	0.029674191	0.26175871
657	65700	0.02378412	0.23214483	0.03120004	0.2588888
658	65800	0.040869407	0.25665957	0.036947794	0.26218197
659	65900	0.0317469	0.27932155	0.030609569	0.26091567
660	66000	0.031792905	0.24644926	0.038145233	0.25987935
661	66100	0.034205515	0.2731366	0.031441752	0.26198703
662	66200	0.027701251	0.23734438	0.030408103	0.2606959
663	66300	0.037635125	0.2739429	0.032056432	0.26143327
664	66400	0.026949637	0.27133954	0.03193935	0.26278433
665	66500	0.036073342	0.2573722	0.030293437	0.26211387
666	66600	0.033027176	0.27245542	0.04158706	0.25909367
667	66700	0.027749365	0.2348777	0.03198813	0.2626996
668	66800	0.03382904	0.24598846	0.037526436	0.26138502
669	66900	0.031192582	0.30567393	0.034371275	0.2610372
670	67000	0.0301342	0.26229838	0.027788496	0.26358214
671	67100	0.025583748	0.25000226	0.03134512	0.2592153
672	67200	0.029425321	0.23096609	0.031497207	0.2593048
673	67300	0.03373352	0.26809317	0.046857808	0.26327607
674	67400	0.030026061	0.2688318	0.031247424	0.2637285
675	67500	0.03946157	0.2369116	0.052087106	0.26027098
676	67600	0.027930459	0.24922173	0.031011118	0.26533887
677	67700	0.035415072	0.24334939	0.0302466	0.26082206
678	67800	0.025125194	0.21808851	0.0323021	0.26148498
679	67900	0.035242982	0.26661205	0.045787748	0.26045054
680	68000	0.032863323	0.2328304	0.029211566	0.26117146
681	68100	0.04182252	0.2912317	0.03856095	0.26223585
682	68200	0.03139015	0.2674784	0.029536597	0.25937057
683	68300	0.02855873	0.26664445	0.029169729	0.26093474
684	68400	0.032704115	0.2813131	0.028088948	0.2610664
685	68500	0.0348083	0.23934397	0.028144814	0.2607437
686	68600	0.03059936	0.26954558	0.027406242	0.26131517
687	68700	0.029378042	0.2731048	0.030707171	0.2598962
688	68800	0.028594486	0.23715073	0.03576281	0.26027122
689	68900	0.042343736	0.27641737	0.029775657	0.26732066
690	69000	0.024447337	0.23564143	0.030827481	0.25965777
691	69100	0.036215805	0.26582545	0.029893247	0.2618856
692	69200	0.022576839	0.2264818	0.030524429	0.26096535
693	69300	0.03873724	0.25918052	0.04333253	0.25975066
694	69400	0.031859715	0.2902497	0.040422935	0.26124978
695	69500	0.038851947	0.26438162	0.042177793	0.26047873
696	69600	0.03463067	0.29129353	0.028438004	0.26189312
697	69700	0.027520213	0.24514984	0.029817976	0.2575042
698	69800	0.03469433	0.2611977	0.032189507	0.2654902
699	69900	0.031799976	0.26835424	0.03357798	0.2596554
700	70000	0.023905383	0.2415354	0.032113757	0.26249543
701	70100	0.034974903	0.2635797	0.03272838	0.25873238
702	70200	0.03156625	0.24635412	0.027041655	0.26196507
703	70300	0.03295083	0.2672605	0.027107581	0.26305065
704	70400	0.031068921	0.2624842	0.031029118	0.25989
705	70500	0.027841268	0.2117774	0.032508343	0.25824082
706	70600	0.03167259	0.2869849	0.029790234	0.26687
707	70700	0.0328368	0.24551693	0.029785903	0.2587147
708	70800	0.038356155	0.26183054	0.037589353	0.25977385
709	70900	0.031464145	0.2719449	0.046588212	0.26059118
710	71000	0.031701833	0.25437382	0.033486303	0.26259866
711	71100	0.02831274	0.25813085	0.02721008	0.26019254
712	71200	0.028277267	0.25565353	0.03093354	0.26231337
713	71300	0.034458883	0.26928908	0.026969278	0.26090854
714	71400	0.033854067	0.2891849	0.027609799	0.2590015
715	71500	0.030088283	0.24242443	0.03525573	0.2639705
716	71600	0.030509172	0.27790517	0.026466308	0.26485983
717	71700	0.02772279	0.22587971	0.028497715	0.2587869
718	71800	0.028820628	0.21588671	0.02800833	0.25856224
719	71900	0.033458512	0.2677639	0.033193685	0.26194903
720	72000	0.027853588	0.26434147	0.034240108	0.2597911
721	72100	0.036633912	0.25421974	0.031764973	0.25959173
722	72200	0.02594997	0.25725678	0.028773826	0.2587403
723	72300	0.0338414	0.27336806	0.027758418	0.26139328
724	72400	0.031815484	0.24704404	0.026440883	0.26132175
725	72500	0.031806048	0.2618119	0.030743755	0.2580373
726	72600	0.028363567	0.26399648	0.027671356	0.2587621
727	72700	0.03150162	0.23622641	0.030903652	0.25786382
728	72800	0.030005816	0.21928622	0.03333802	0.25977296
729	72900	0.02998383	0.2514924	0.043560166	0.2616463
730	73000	0.025673613	0.26666018	0.03170859	0.25790414
731	73100	0.035511922	0.2898987	0.038075212	0.26030397
732	73200	0.032302205	0.28804937	0.042507358	0.26148015
733	73300	0.027841542	0.29673907	0.028836202	0.2589386
734	73400	0.032753386	0.2843696	0.02890908	0.26213494
735	73500	0.030260703	0.24467525	0.036554247	0.26068646
736	73600	0.036526218	0.27128518	0.034775812	0.26121008
737	73700	0.033572137	0.26782286	0.04753293	0.25796205
738	73800	0.035864666	0.25583535	0.028798357	0.25906605
739	73900	0.027249943	0.27669838	0.030055504	0.2606576
740	74000	0.031889	0.2509881	0.037843414	0.2582988
741	74100	0.02951737	0.26956454	0.028082212	0.2619653
742	74200	0.029020045	0.27378756	0.02717663	0.258903
743	74300	0.033265352	0.27442458	0.03181582	0.26034242
744	74400	0.030486278	0.276509	0.028402815	0.25900933
745	74500	0.024640823	0.20997073	0.027939675	0.2593546
746	74600	0.028367452	0.27819744	0.03420965	0.26248345
747	74700	0.0328618	0.27894014	0.028139558	0.25649378
748	74800	0.030101825	0.26849604	0.030407881	0.26020756
749	74900	0.027964031	0.2778352	0.030806644	0.2606143
750	75000	0.033512827	0.29995364	0.03396184	0.25742966
751	75100	0.028131872	0.2696139	0.02922873	0.25793955
752	75200	0.035735756	0.27985346	0.045235105	0.25809667
753	75300	0.033602085	0.26068202	0.032550395	0.2603831
754	75400	0.030662062	0.26985854	0.05179919	0.2576981
755	75500	0.029716821	0.2451524	0.040939886	0.25878507
756	75600	0.031093847	0.2745432	0.027171643	0.2604293
757	75700	0.031646635	0.25447044	0.029840438	0.2570674
758	75800	0.033348978	0.24280697	0.03036309	0.2578704
759	75900	0.033152312	0.28046468	0.03522279	0.2588094
760	76000	0.029377742	0.24708328	0.029076612	0.25836578
761	76100	0.037404813	0.29145715	0.027890364	0.25901514
762	76200	0.02678726	0.23296084	0.028850257	0.25947958
763	76300	0.02417983	0.26106316	0.028801462	0.25811085
764	76400	0.028317254	0.2631148	0.027697818	0.2652123
765	76500	0.03081432	0.24634887	0.03837776	0.26091015
766	76600	0.029049534	0.2376898	0.027635334	0.25871405
767	76700	0.027545918	0.22221889	0.028093051	0.25636062
768	76800	0.028722584	0.24886017	0.029157069	0.259934
769	76900	0.03438686	0.2821323	0.03365525	0.26070642
770	77000	0.029889554	0.27278584	0.029463014	0.26185417
771	77100	0.033605512	0.27402452	0.035864394	0.26065424
772	77200	0.026212549	0.24568436	0.028095972	0.25942895
773	77300	0.029407697	0.26747456	0.030882837	0.26579458
774	77400	0.031861708	0.2847182	0.032705933	0.25958744
775	77500	0.032435074	0.23876731	0.03323371	0.25761095
776	77600	0.031331275	0.24748087	0.027077748	0.2607489
777	77700	0.026470218	0.23851624	0.043792915	0.2591439
778	77800	0.03269597	0.26306343	0.038828656	0.2588379
779	77900	0.03603885	0.25389513	0.02668225	0.26084954
780	78000	0.028738996	0.27018496	0.027647473	0.25863668
781	78100	0.034239	0.2500083	0.028604358	0.2590487
782	78200	0.03205263	0.2302934	0.030213352	0.25870076
783	78300	0.028606873	0.27878603	0.034094587	0.261163
784	78400	0.029209629	0.27940947	0.028030287	0.2591048
785	78500	0.0309666	0.24269341	0.030762086	0.2586897
786	78600	0.034597706	0.24344234	0.029021755	0.26006228
787	78700	0.035659555	0.2577224	0.030900914	0.2572886
788	78800	0.02901914	0.2660524	0.034048576	0.2570532
789	78900	0.03288993	0.24420805	0.04166607	0.2597341
790	79000	0.024496825	0.24161893	0.029458204	0.25801578
791	79100	0.033135764	0.2787651	0.030657137	0.25746766
792	79200	0.02486605	0.2213875	0.028101314	0.25691038
793	79300	0.025938548	0.27108523	0.026031287	0.26015055
794	79400	0.021670971	0.25799718	0.026913596	0.25843978
795	79500	0.033398278	0.26828647	0.031202365	0.25684616
796	79600	0.030422173	0.25555915	0.035679262	0.25981465
797	79700	0.029442191	0.25230354	0.0415042	0.25695872
798	79800	0.04546736	0.27789664	0.027690245	0.2597138
799	79900	0.02520468	0.25199515	0.028883275	0.2599034
800	80000	0.03599713	0.26492712	0.031899344	0.26367012
801	80100	0.042225044	0.25287437	0.031785402	0.25699708
802	80200	0.023119815	0.23532492	0.028135585	0.25833696
803	80300	0.028094275	0.2523835	0.035652086	0.26083627
804	80400	0.032036643	0.2536238	0.029229963	0.26026732
805	80500	0.03877344	0.24194959	0.028192567	0.25869486
806	80600	0.024158923	0.2270112	0.027656393	0.25915715
807	80700	0.025779761	0.2567747	0.027376657	0.25741607
808	80800	0.032018453	0.26464307	0.041298065	0.25814763
809	80900	0.039784815	0.24095486	0.03149676	0.26153016
810	81000	0.02936461	0.27266356	0.037273675	0.25653103
811	81100	0.037216462	0.2848957	0.04132142	0.25715315
812	81200	0.02441838	0.2321916	0.028943922	0.25615743
813	81300	0.024123669	0.24505363	0.027560642	0.25773093
814	81400	0.027402403	0.2696623	0.027182706	0.25916505
815	81500	0.025344063	0.21328232	0.029216463	0.25653028
816	81600	0.025358064	0.26245034	0.029920075	0.2605749
817	81700	0.027021337	0.25554642	0.03375864	0.25804445
818	81800	0.030246641	0.2600402	0.027593581	0.2581525
819	81900	0.03334914	0.26979816	0.032887682	0.2585029
820	82000	0.034038194	0.25190675	0.027187772	0.25804844
821	82100	0.02776515	0.27800035	0.030845331	0.25792953
822	82200	0.03480184	0.22817595	0.028631285	0.25692353
823	82300	0.027603123	0.24856476	0.031281766	0.25941738
824	82400	0.029760104	0.27148166	0.027963728	0.2580352
825	82500	0.038131513	0.26876402	0.030725488	0.2604914
826	82600	0.0316558	0.2725599	0.032915186	0.25966477
827	82700	0.027437555	0.25676337	0.027825749	0.25742114
828	82800	0.032560647	0.23760727	0.027135784	0.25773913
829	82900	0.03334471	0.26084	0.031215392	0.26046798
830	83000	0.039614122	0.26571962	0.025806215	0.25841644
831	83100	0.027132485	0.24689783	0.030942582	0.25700143
832	83200	0.027644545	0.24545455	0.029269012	0.25800744
833	83300	0.036693256	0.29180565	0.026872993	0.2583997
834	83400	0.028829321	0.26225388	0.029457776	0.256886
835	83500	0.030614445	0.2514993	0.034665544	0.25767395
836	83600	0.02896179	0.25163352	0.042096402	0.25815648
837	83700	0.029376594	0.22397555	0.03482415	0.25605783
838	83800	0.036293555	0.21914119	0.039867423	0.25765806
839	83900	0.03252943	0.2833577	0.029836034	0.26082516
840	84000	0.029997425	0.27797765	0.026979437	0.25822702
841	84100	0.028008526	0.26193005	0.031011842	0.2568113
842	84200	0.027016392	0.2510328	0.028739966	0.25828332
843	84300	0.027796747	0.28249413	0.026743576	0.25866964
844	84400	0.042287853	0.26904586	0.036784526	0.26002976
845	84500	0.037748758	0.24756685	0.030289324	0.2597753
846	84600	0.028691618	0.21311712	0.028641747	0.2580336
847	84700	0.03243258	0.2554561	0.028294647	0.25851324
848	84800	0.029544787	0.2800291	0.029564098	0.25636443
849	84900	0.030756792	0.25387073	0.028594416	0.25978082
850	85000	0.029020911	0.23469822	0.02931041	0.2565288
851	85100	0.035076167	0.2511488	0.02852877	0.2574033
852	85200	0.028949177	0.28732532	0.028378878	0.25794238
853	85300	0.0238674	0.27676174	0.031657573	0.26029807
854	85400	0.027824217	0.2497382	0.026395647	0.25850716
855	85500	0.03381981	0.21107595	0.04526866	0.2564362
856	85600	0.030960167	0.27880234	0.028324377	0.257145
857	85700	0.02681624	0.23552127	0.027470544	0.2575411
858	85800	0.02433719	0.24221896	0.026464779	0.25821057
859	85900	0.03533396	0.30227247	0.040065445	0.2595622
860	86000	0.030645585	0.23627037	0.026547655	0.25757223
861	86100	0.028391672	0.23321845	0.02753964	0.25746614
862	86200	0.0278291	0.2399283	0.032014262	0.25730297
863	86300	0.03271186	0.2779182	0.03764806	0.26108804
864	86400	0.028085947	0.25128782	0.032453947	0.25778195
865	86500	0.033561405	0.2538237	0.027984185	0.2563952
866	86600	0.032371163	0.2547211	0.028956974	0.25902456
867	86700	0.034720913	0.23220704	0.0336903	0.25573045
868	86800	0.035591587	0.22809483	0.03038149	0.25866574
869	86900	0.03255653	0.27599606	0.030424029	0.25740835
870	87000	0.029111767	0.25252613	0.032809872	0.2561257
871	87100	0.03257001	0.27174613	0.02903628	0.256342
872	87200	0.025382197	0.24831182	0.03249423	0.25706497
873	87300	0.029418232	0.26721078	0.028607331	0.2586089
874	87400	0.030906852	0.26196527	0.029076954	0.25803018
875	87500	0.02565301	0.21510631	0.026627557	0.25579172
876	87600	0.02855043	0.25295207	0.026686601	0.25734356
877	87700	0.027049135	0.2452611	0.03129717	0.25465962
878	87800	0.028162127	0.2464889	0.028012767	0.2587887
879	87900	0.030553285	0.26748386	0.033944506	0.25817502
880	88000	0.03797559	0.26385692	0.03337587	0.25605658
881	88100	0.03288213	0.26503593	0.037597075	0.25791922
882	88200	0.024580302	0.26416385	0.03061467	0.25644693
883	88300	0.026265504	0.25616154	0.034261413	0.25911275
884	88400	0.029850626	0.24039894	0.032045145	0.2560018
885	88500	0.031294532	0.24663614	0.029414149	0.25911105
886	88600	0.02646612	0.24525127	0.03206788	0.25683293
887	88700	0.023354018	0.24679576	0.028664123	0.25644577
888	88800	0.025971904	0.19988707	0.031521488	0.2563006
889	88900	0.0393523	0.27406827	0.027927436	0.25837025
890	89000	0.028314691	0.25673544	0.027018528	0.25538558
891	89100	0.031594075	0.27109855	0.026951095	0.2558291
892	89200	0.02195292	0.25447944	0.031242048	0.2552057
893	89300	0.030033551	0.2960331	0.028779473	0.25845596
894	89400	0.02675824	0.2754386	0.027183177	0.25762823
895	89500	0.041130077	0.25547075	0.027237438	0.25625086
896	89600	0.02709045	0.27611065	0.026578665	0.25926775
897	89700	0.024596442	0.2641142	0.027468944	0.2564083
898	89800	0.02419904	0.23753312	0.03575552	0.258145
899	89900	0.03431949	0.27273396	0.028806383	0.25926337
900	90000	0.034356527	0.23803753	0.028610779	0.25623837
901	90100	0.043464564	0.2839737	0.043811504	0.25650007
902	90200	0.027794791	0.20838425	0.029461317	0.25558156
903	90300	0.03450086	0.29074395	0.02693908	0.25906864
904	90400	0.02677783	0.2717932	0.029712051	0.25842148
905	90500	0.028762784	0.21323563	0.032014895	0.25692758
906	90600	0.029759541	0.2514797	0.029068708	0.2602015
907	90700	0.03590803	0.24431702	0.040485937	0.25474274
908	90800	0.026443457	0.2263296	0.027359366	0.2562321
909	90900	0.030782085	0.27797505	0.031533122	0.26033986
910	91000	0.02697356	0.22739214	0.027913837	0.25744027
911	91100	0.03154304	0.2894447	0.027534017	0.25716633
912	91200	0.023667954	0.21959387	0.032628775	0.25784752
913	91300	0.027448557	0.2586307	0.027178472	0.2578339
914	91400	0.026421743	0.2607636	0.02611082	0.2591543
915	91500	0.029570783	0.2557096	0.031763475	0.25724116
916	91600	0.02587675	0.23532937	0.03234593	0.25694656
917	91700	0.029450849	0.26175752	0.044560462	0.25580025
918	91800	0.031522408	0.28821552	0.027310038	0.25641578
919	91900	0.03554896	0.29181617	0.03662436	0.25740418
920	92000	0.03168571	0.23653468	0.034526203	0.25591233
921	92100	0.0351497	0.2669443	0.029821549	0.25608617
922	92200	0.027807975	0.24621984	0.028282247	0.2552417
923	92300	0.0271401	0.29554117	0.029317606	0.25686705
924	92400	0.035054453	0.25709206	0.027433334	0.25708094
925	92500	0.028099682	0.24274005	0.02747405	0.25595492
926	92600	0.027486604	0.2734157	0.03264833	0.25646302
927	92700	0.026746944	0.24933073	0.028394153	0.25478736
928	92800	0.02682918	0.23529348	0.02720857	0.2552581
929	92900	0.0389567	0.26571366	0.030829832	0.25741744
930	93000	0.02768434	0.26155484	0.028699178	0.25581163
931	93100	0.03283172	0.26212606	0.028470812	0.25666866
932	93200	0.022549221	0.2757013	0.029863026	0.2586118
933	93300	0.02843194	0.25145206	0.027165983	0.25576454
934	93400	0.024074985	0.27063325	0.027998183	0.25654313
935	93500	0.024844045	0.26578784	0.03308703	0.2556059
936	93600	0.026371613	0.24168803	0.026092557	0.25705445
937	93700	0.02755272	0.25434202	0.027030393	0.25648597
938	93800	0.029674804	0.24554121	0.026878586	0.25659734
939	93900	0.026678976	0.25593948	0.027112585	0.2578952
940	94000	0.027466316	0.26660767	0.028671179	0.25635567
941	94100	0.02813591	0.25953275	0.034851946	0.2563321
942	94200	0.034142528	0.26704937	0.03264864	0.2557126
943	94300	0.025967963	0.26071548	0.02662587	0.25646526
944	94400	0.033383414	0.24581484	0.028423298	0.2565625
945	94500	0.03089432	0.2736691	0.03114554	0.25606644
946	94600	0.033909384	0.23868959	0.029611869	0.25664097
947	94700	0.027463501	0.2662147	0.031206759	0.25520566
948	94800	0.026850378	0.235727	0.027391318	0.25604492
949	94900	0.03524195	0.29988778	0.027154127	0.25733855
950	95000	0.03281063	0.2851986	0.027060905	0.25779873
951	95100	0.030604135	0.26359904	0.029482773	0.2556039
952	95200	0.028110906	0.2600435	0.027115168	0.25528282
953	95300	0.033093985	0.25801224	0.03025041	0.25588632
954	95400	0.028594997	0.25477827	0.030212598	0.25723192
955	95500	0.025348598	0.25199857	0.02903965	0.2553987
956	95600	0.027204124	0.26488432	0.02631061	0.25661623
957	95700	0.032133657	0.26805672	0.0274381	0.25450093
958	95800	0.027992662	0.22910853	0.026941627	0.25539914
959	95900	0.033769302	0.26862532	0.033347346	0.2577917
960	96000	0.019132607	0.23564164	0.026434666	0.25461075
961	96100	0.029025864	0.27509984	0.026344193	0.2551097
962	96200	0.02926185	0.26093063	0.033110123	0.25442114
963	96300	0.027756657	0.25504488	0.026310757	0.2571108
964	96400	0.033454105	0.2846291	0.036654346	0.2550041
965	96500	0.0449837	0.24861349	0.0279306	0.25623086
966	96600	0.028654426	0.23908152	0.030429408	0.2557847
967	96700	0.028114459	0.26467177	0.027426478	0.2539263
968	96800	0.023271129	0.21478388	0.025822062	0.25534078
969	96900	0.027543634	0.22623637	0.027426232	0.2572138
970	97000	0.024033597	0.2341861	0.02716866	0.25530797
971	97100	0.03654574	0.27825713	0.0298006	0.2560013
972	97200	0.02304601	0.23780954	0.027936913	0.25544426
973	97300	0.0317603	0.2879	0.031556655	0.25520062
974	97400	0.032097355	0.2680135	0.025950728	0.25665757
975	97500	0.025492314	0.2570346	0.03027048	0.25496322
976	97600	0.02334137	0.2438872	0.027363153	0.25569394
977	97700	0.02837455	0.2557717	0.02795154	0.2550405
978	97800	0.02990009	0.23833454	0.047533996	0.2556124
979	97900	0.029453924	0.2349217	0.036481567	0.25689813
980	98000	0.029789263	0.24596009	0.03201622	0.25481665
981	98100	0.032100897	0.28465134	0.028729033	0.25503644
982	98200	0.027572623	0.26222563	0.029175851	0.2551418
983	98300	0.026006022	0.28063217	0.02548059	0.25664866
984	98400	0.031247923	0.24554713	0.025260553	0.2565785
985	98500	0.028129792	0.23813756	0.026721926	0.2565374
986	98600	0.024330828	0.22045559	0.02746661	0.25667346
987	98700	0.02594327	0.23191433	0.02668144	0.2549701
988	98800	0.02784253	0.22825399	0.035780206	0.25703785
989	98900	0.03375478	0.27674803	0.033512045	0.25740618
990	99000	0.02449119	0.2571909	0.027029136	0.2557193
991	99100	0.028480802	0.27759477	0.030316513	0.25644752
992	99200	0.03293004	0.23599859	0.028151216	0.2564017
993	99300	0.03467626	0.27259278	0.028671581	0.2582918
994	99400	0.022192573	0.2410464	0.02569501	0.25965098
995	99500	0.022956146	0.23723349	0.031307597	0.2558491
996	99600	0.029280107	0.2556899	0.025913268	0.25612095
997	99700	0.02997277	0.22774456	0.0277038	0.25398028
998	99800	0.02654915	0.21512958	0.025930462	0.25580847
999	99900	0.02966516	0.2670764	0.026833924	0.25529188
1000	100000	0.034527496	0.26904035	0.025629396	0.25600028
