#epoch	step	MAE/at	MAEF	Val_MAE/at	Val_MAEF
1	100	0.16040137	0.901722	0.14582716	0.892639
2	200	0.124251634	0.83318675	0.121244654	0.8084702
3	300	0.088930935	0.68800074	0.09711827	0.723181
4	400	0.115711436	0.6834687	0.09593003	0.662672
5	500	0.0863118	0.6111014	0.087516576	0.60905695
6	600	0.10285256	0.5530924	0.08206977	0.5809335
7	700	0.091109104	0.58897483	0.08147536	0.54423064
8	800	0.10310931	0.54161716	0.102258354	0.53767633
9	900	0.07731059	0.51528424	0.09164861	0.512161
10	1000	0.07489616	0.51006466	0.07230137	0.49371907
11	1100	0.06807459	0.45781898	0.08269082	0.49568608
12	1200	0.06974494	0.46681997	0.068862885	0.47710502
13	1300	0.06477834	0.45616907	0.063853316	0.46621057
14	1400	0.06742717	0.463716	0.06664805	0.45193836
15	1500	0.09366614	0.48273677	0.09621859	0.4467847
16	1600	0.07178615	0.4429949	0.08983666	0.4410251
17	1700	0.06117914	0.47296947	0.0627997	0.4398183
18	1800	0.0937171	0.44976676	0.08461933	0.42408973
19	1900	0.08118541	0.45453447	0.0604163	0.42817846
20	2000	0.091473006	0.47356695	0.07485721	0.42994818
21	2100	0.061399512	0.4275573	0.059290845	0.4099945
22	2200	0.088010006	0.45055607	0.059991363	0.40830377
23	2300	0.08029383	0.46338356	0.058938373	0.4048399
24	2400	0.065359294	0.42430195	0.059408303	0.39603487
25	2500	0.09563054	0.42600188	0.065845884	0.3884553
26	2600	0.06816028	0.34506285	0.064723596	0.39423782
27	2700	0.076728135	0.39475465	0.05715137	0.37988862
28	2800	0.063063726	0.4178886	0.056411546	0.37193605
29	2900	0.069973394	0.38069373	0.063990906	0.37701222
30	3000	0.06714616	0.3740625	0.1156001	0.37122372
31	3100	0.083327934	0.45239896	0.09255583	0.3744625
32	3200	0.07315666	0.39451718	0.16504204	0.37190863
33	3300	0.069911495	0.37223786	0.07422686	0.35770172
34	3400	0.08450361	0.3759989	0.056548316	0.3625891
35	3500	0.060212545	0.3636844	0.05588555	0.3557271
36	3600	0.07827986	0.38268635	0.14562789	0.3506965
37	3700	0.051570192	0.34341037	0.06108553	0.34370607
38	3800	0.06782231	0.36248407	0.059644695	0.34825096
39	3900	0.05967757	0.3284145	0.051672723	0.3495372
40	4000	0.053794637	0.32957256	0.047062293	0.34085298
41	4100	0.07392414	0.39323017	0.06992101	0.3409447
42	4200	0.052184977	0.37156883	0.051552944	0.33981305
43	4300	0.05922153	0.36222506	0.07659375	0.3354936
44	4400	0.077136196	0.3796245	0.088506214	0.32910776
45	4500	0.06878095	0.35238075	0.052659143	0.32895428
46	4600	0.05585879	0.34851748	0.05178956	0.32779628
47	4700	0.059446756	0.32684737	0.056115195	0.3269994
48	4800	0.075618185	0.34366468	0.0911443	0.34406874
49	4900	0.07508642	0.36889893	0.053389616	0.33244675
50	5000	0.05745266	0.3656281	0.0662387	0.32433477
51	5100	0.070646666	0.37451175	0.06853594	0.34141713
52	5200	0.06811773	0.34987912	0.1134351	0.34848967
53	5300	0.049170353	0.35295618	0.068322696	0.32482213
54	5400	0.049969703	0.30560791	0.05207508	0.3118066
55	5500	0.05276409	0.33626643	0.05768358	0.32654017
56	5600	0.051600236	0.2782942	0.050145775	0.31023815
57	5700	0.058910992	0.30580145	0.053399786	0.32165945
58	5800	0.06664529	0.31841964	0.05761996	0.32222167
59	5900	0.0551197	0.30541685	0.0463295	0.3251313
60	6000	0.05650717	0.33977288	0.061220523	0.31469953
61	6100	0.075122714	0.39204198	0.06561195	0.3223669
62	6200	0.06781135	0.3204816	0.0668018	0.3179441
63	6300	0.05457825	0.32876268	0.06466888	0.31861186
64	6400	0.05088855	0.35571894	0.05669603	0.3241339
65	6500	0.07203354	0.4247039	0.07286554	0.32244682
66	6600	0.046371456	0.3051978	0.059099257	0.31861028
67	6700	0.05737023	0.2818817	0.04705571	0.30595863
68	6800	0.061864696	0.35062876	0.04506143	0.30701154
69	6900	0.065835595	0.31646964	0.06962596	0.31600198
70	7000	0.06954278	0.32289842	0.08704092	0.31074905
71	7100	0.059151422	0.3366468	0.06708616	0.31351605
72	7200	0.07000773	0.33761796	0.055517346	0.3079979
73	7300	0.046972778	0.31618556	0.05390532	0.30174527
74	7400	0.043048702	0.3001479	0.07718119	0.30348986
75	7500	0.080238275	0.32145104	0.069479235	0.29679832
76	7600	0.04771591	0.2863278	0.04364736	0.30202377
77	7700	0.05352011	0.2983912	0.064711295	0.29923734
78	7800	0.06731242	0.32488668	0.07578225	0.31597504
79	7900	0.06020523	0.27691716	0.06797943	0.30068308
80	8000	0.063602224	0.27639762	0.07924107	0.3002877
81	8100	0.054189518	0.33029944	0.053158466	0.29896444
82	8200	0.055916525	0.28692028	0.049127314	0.29420456
83	8300	0.048957344	0.31317982	0.048023544	0.2983734
84	8400	0.07370503	0.33199978	0.07673357	0.29524925
85	8500	0.055829108	0.2997207	0.06375478	0.2910078
86	8600	0.049382742	0.32581794	0.04696653	0.29376164
87	8700	0.048017297	0.2903702	0.04705913	0.2966298
88	8800	0.0635415	0.2911209	0.0472297	0.28878394
89	8900	0.06703316	0.3295358	0.069792315	0.30241674
90	9000	0.055193808	0.2928801	0.04766469	0.29937282
91	9100	0.06348453	0.31987852	0.066316105	0.3096185
92	9200	0.053451013	0.27028608	0.06389503	0.3042244
93	9300	0.05294647	0.29212847	0.07938231	0.29400742
94	9400	0.062398802	0.31669858	0.05268751	0.29555762
95	9500	0.05754583	0.32764637	0.047873694	0.2906863
96	9600	0.04769265	0.28928322	0.044064336	0.2831812
97	9700	0.053931866	0.28003386	0.060427085	0.290486
98	9800	0.052333716	0.30370253	0.04000685	0.3039515
99	9900	0.049355492	0.31413746	0.0663444	0.29965398
100	10000	0.05858522	0.2886788	0.04042451	0.2915405
101	10100	0.04450635	0.27767354	0.045332003	0.29095864
102	10200	0.055706587	0.2950592	0.05063505	0.29568228
103	10300	0.04837957	0.30678675	0.0521843	0.28849462
104	10400	0.04637355	0.28063905	0.057356317	0.28048328
105	10500	0.03972433	0.30616903	0.04416572	0.29405236
106	10600	0.061402835	0.28744045	0.067543864	0.27857316
107	10700	0.057215683	0.28274363	0.068468444	0.2816534
108	10800	0.052027058	0.2520588	0.060961794	0.30282333
109	10900	0.06346798	0.26243496	0.059149623	0.28645435
110	11000	0.03506729	0.28403938	0.04081871	0.28176454
111	11100	0.0720103	0.3054044	0.073868744	0.2975607
112	11200	0.046879474	0.29937598	0.043929085	0.2965634
113	11300	0.054663736	0.29363114	0.06390573	0.2886696
114	11400	0.039392177	0.30168727	0.037576064	0.28132716
115	11500	0.053982556	0.36304137	0.044265147	0.28877276
116	11600	0.050209146	0.3076761	0.04242951	0.28780693
117	11700	0.057855207	0.2883098	0.07044404	0.2744571
118	11800	0.064620726	0.30524698	0.044317707	0.2822218
119	11900	0.062238842	0.2886094	0.045558676	0.28344455
120	12000	0.047101874	0.28016284	0.047727007	0.2852922
121	12100	0.054266267	0.34335616	0.06576347	0.2908992
122	12200	0.04275489	0.2697037	0.046907905	0.2797594
123	12300	0.04792584	0.2685521	0.043602023	0.28320885
124	12400	0.05407843	0.3210778	0.036405455	0.2856034
125	12500	0.038406946	0.29405472	0.0400392	0.28515813
126	12600	0.03598311	0.27093852	0.03881418	0.2779686
127	12700	0.057417452	0.25578249	0.050735746	0.27685782
128	12800	0.050192494	0.3281215	0.053234726	0.29103217
129	12900	0.050422434	0.29124948	0.03757538	0.2726165
130	13000	0.05961116	0.28066146	0.056331646	0.29317707
131	13100	0.057603586	0.30047783	0.048554674	0.2803245
132	13200	0.06127229	0.290434	0.043955065	0.2849626
133	13300	0.044640362	0.28101876	0.039795026	0.27712783
134	13400	0.043981865	0.30650967	0.038597833	0.27847132
135	13500	0.043481424	0.29491442	0.03959427	0.27707595
136	13600	0.061900064	0.26269957	0.07389962	0.27583998
137	13700	0.05148938	0.27583024	0.05014996	0.2708939
138	13800	0.04468399	0.287062	0.04458413	0.27774426
139	13900	0.037783995	0.25300723	0.03935908	0.26811895
140	14000	0.040150914	0.2729719	0.04335399	0.2958991
141	14100	0.05126086	0.28745884	0.043775372	0.26993564
142	14200	0.04504535	0.25796524	0.05584559	0.26879776
143	14300	0.05612742	0.31232035	0.049440384	0.29078275
144	14400	0.05743208	0.2956578	0.069427066	0.27018467
145	14500	0.03798174	0.2948091	0.0516182	0.2830633
146	14600	0.046553865	0.2913287	0.03996247	0.27021632
147	14700	0.052296285	0.2579517	0.06289568	0.2706785
148	14800	0.051763624	0.2902457	0.0414332	0.26634753
149	14900	0.049375337	0.32984155	0.05166428	0.27263838
150	15000	0.04309406	0.26708773	0.036613923	0.26891598
151	15100	0.053576414	0.31483388	0.043577127	0.26951632
152	15200	0.04744577	0.2800795	0.06780367	0.27216682
153	15300	0.05430355	0.31177858	0.05730751	0.2783389
154	15400	0.04131448	0.29650167	0.04084476	0.27475008
155	15500	0.053690262	0.3656937	0.056646045	0.3530534
156	15600	0.042274553	0.25415137	0.046659224	0.26625326
157	15700	0.04244405	0.26583546	0.036284048	0.28207242
158	15800	0.042804975	0.28060815	0.045671944	0.2691529
159	15900	0.049964666	0.2816561	0.048013657	0.28183168
160	16000	0.059870686	0.29921547	0.042576417	0.2756293
161	16100	0.064612225	0.28419662	0.061550528	0.2721351
162	16200	0.05408903	0.29238266	0.044684205	0.27715316
163	16300	0.03733771	0.28946385	0.041685894	0.2704487
164	16400	0.04254427	0.3038967	0.04520359	0.27441907
165	16500	0.043974563	0.28226408	0.03738448	0.2670038
166	16600	0.059673212	0.2639384	0.047788624	0.28690854
167	16700	0.057514463	0.2664379	0.04400119	0.26765397
168	16800	0.04714485	0.26768318	0.055764537	0.26446012
169	16900	0.03809029	0.26614138	0.042647652	0.26609412
170	17000	0.039256938	0.281812	0.036724325	0.2712757
171	17100	0.054355256	0.3076787	0.06798641	0.27209622
172	17200	0.05415529	0.24613453	0.035502754	0.26795182
173	17300	0.047665115	0.2956897	0.04021008	0.265179
174	17400	0.05711597	0.2768896	0.043522406	0.26848122
175	17500	0.051338203	0.28145248	0.042733185	0.26659834
176	17600	0.060000744	0.28525525	0.033640157	0.26844952
177	17700	0.04422831	0.2504011	0.035234552	0.26199907
178	17800	0.050649405	0.28825828	0.05383512	0.2613696
179	17900	0.046954244	0.26572362	0.03651224	0.26289436
180	18000	0.04844555	0.2731892	0.0438132	0.26538342
181	18100	0.063585326	0.2833024	0.04716571	0.2645745
182	18200	0.0378084	0.27034104	0.036786962	0.26536903
183	18300	0.04166863	0.2670625	0.04207786	0.27001148
184	18400	0.05861631	0.26325813	0.058825005	0.2730576
185	18500	0.046413504	0.28462264	0.05470468	0.26751053
186	18600	0.048353724	0.263632	0.037473794	0.26669174
187	18700	0.03949703	0.27227834	0.03767842	0.2619719
188	18800	0.04510979	0.29305065	0.034179244	0.27208036
189	18900	0.040181443	0.2783678	0.046098165	0.27642494
190	19000	0.04393405	0.27288786	0.04877446	0.26408845
191	19100	0.043945592	0.2731587	0.04109477	0.2658144
192	19200	0.052785236	0.2412844	0.033780236	0.2683184
193	19300	0.036234878	0.26693293	0.039352257	0.26409876
194	19400	0.054798525	0.28241777	0.07706054	0.26051438
195	19500	0.048886403	0.28428704	0.08346386	0.25939554
196	19600	0.04953871	0.26298463	0.043263268	0.26228762
197	19700	0.03754311	0.30814895	0.0363958	0.26045933
198	19800	0.05005182	0.29043353	0.047935378	0.26127622
199	19900	0.050373495	0.24356903	0.07526062	0.25827625
200	20000	0.05144982	0.2488464	0.0867247	0.26293653
201	20100	0.05883368	0.25706822	0.04707666	0.27060956
202	20200	0.04474781	0.24505232	0.03591886	0.26623666
203	20300	0.06682834	0.25394386	0.03752491	0.259586
204	20400	0.040273126	0.25078216	0.03676158	0.2622805
205	20500	0.074602544	0.31150472	0.05975153	0.26702976
206	20600	0.033093918	0.24558835	0.05289645	0.25550002
207	20700	0.044766188	0.2575671	0.03446556	0.25783336
208	20800	0.049384158	0.2627136	0.0646117	0.26705626
209	20900	0.04272487	0.27155685	0.042152923	0.262943
210	21000	0.0603889	0.2432325	0.039484207	0.25789508
211	21100	0.04553723	0.22970183	0.03821903	0.25622094
212	21200	0.047724336	0.24327627	0.0367333	0.2575275
213	21300	0.044147287	0.28689653	0.05630766	0.26144147
214	21400	0.043308474	0.2700294	0.047450684	0.25819045
215	21500	0.04238464	0.2893602	0.03991194	0.25601524
216	21600	0.036509193	0.24512833	0.040036906	0.26004335
217	21700	0.049412996	0.28923732	0.062354386	0.2552595
218	21800	0.045163736	0.2628682	0.051285133	0.2570441
219	21900	0.035740893	0.23789126	0.03437803	0.2541989
220	22000	0.042148143	0.27649614	0.040310994	0.27494302
221	22100	0.06492827	0.27785763	0.036767155	0.26167244
222	22200	0.048327275	0.23645298	0.0457119	0.25412652
223	22300	0.04779253	0.2611044	0.047546834	0.25924835
224	22400	0.040092047	0.25824347	0.03563032	0.26444304
225	22500	0.04213856	0.2534587	0.047538154	0.25776088
226	22600	0.044667996	0.23793185	0.053955395	0.2550714
227	22700	0.04212714	0.27296826	0.034523677	0.26661173
228	22800	0.046749387	0.2182772	0.045299433	0.25877875
229	22900	0.05427858	0.26169673	0.06400598	0.2582236
230	23000	0.041792206	0.23944539	0.04090391	0.26061967
231	23100	0.046044774	0.26113766	0.048097305	0.25325456
232	23200	0.04290163	0.2656765	0.054071754	0.2546281
233	23300	0.04964433	0.23731533	0.08750888	0.25873798
234	23400	0.036412783	0.2682256	0.036598362	0.25229982
235	23500	0.033553455	0.25316763	0.046991013	0.25604182
236	23600	0.041136265	0.27096087	0.03303357	0.26054165
237	23700	0.036770307	0.25193214	0.033229496	0.25432357
238	23800	0.03474826	0.23782456	0.040968545	0.25298452
239	23900	0.032505967	0.24920446	0.0355117	0.25368786
240	24000	0.056216102	0.23895444	0.04060862	0.2596669
241	24100	0.041532904	0.27783024	0.0466883	0.25151435
242	24200	0.04283594	0.2566971	0.035684597	0.25778487
243	24300	0.043909967	0.24999635	0.058949698	0.2587289
244	24400	0.053573925	0.28293216	0.031246549	0.25581688
245	24500	0.039529704	0.26361415	0.05896487	0.26345026
246	24600	0.038703237	0.27225423	0.055270232	0.25443774
247	24700	0.03970338	0.25126544	0.044026267	0.25112742
248	24800	0.049017146	0.26633984	0.052740455	0.25880474
249	24900	0.04687689	0.26313835	0.03120282	0.25227123
250	25000	0.046181515	0.26684922	0.04275555	0.2537825
251	25100	0.04730439	0.26072562	0.03888346	0.25432163
252	25200	0.04493569	0.2560268	0.05351039	0.26824856
253	25300	0.0447604	0.22139496	0.034783505	0.25858402
254	25400	0.03329485	0.26279396	0.038598098	0.25763574
255	25500	0.03551767	0.28493845	0.032487836	0.2562972
256	25600	0.0380038	0.26424024	0.032014247	0.25287843
257	25700	0.06305451	0.283356	0.042062562	0.26100814
258	25800	0.06940433	0.26904884	0.04323686	0.25670445
259	25900	0.040447716	0.28337845	0.035540026	0.2584641
260	26000	0.041630264	0.2755502	0.040490095	0.25848746
261	26100	0.04715503	0.32043102	0.04565861	0.2585625
262	26200	0.041217092	0.25224495	0.04144902	0.25254965
263	26300	0.038830254	0.26820093	0.03245299	0.2504934
264	26400	0.03585716	0.24915197	0.032879215	0.25228417
265	26500	0.046906713	0.25975817	0.03403708	0.25317973
266	26600	0.03131555	0.23874159	0.03525691	0.25502336
267	26700	0.039296493	0.22367899	0.03573974	0.24951063
268	26800	0.04637954	0.27020648	0.039921388	0.25720513
269	26900	0.047017477	0.26329273	0.040885497	0.25285494
270	27000	0.04148178	0.22649764	0.046625312	0.26112664
271	27100	0.047386307	0.29537654	0.038916364	0.2550728
272	27200	0.041107167	0.23581086	0.048143964	0.25685188
273	27300	0.040294185	0.2610461	0.051723603	0.25245786
274	27400	0.043208547	0.25269887	0.03510593	0.24674425
275	27500	0.041605946	0.23047183	0.048504125	0.25312424
276	27600	0.0351307	0.274446	0.03637307	0.24890879
277	27700	0.032577265	0.22886398	0.04178759	0.24912417
278	27800	0.036224846	0.21743418	0.052901056	0.2477209
279	27900	0.03643404	0.25527632	0.045335487	0.2528837
280	28000	0.037281632	0.25210065	0.0378034	0.2532418
281	28100	0.061196316	0.29997137	0.058958698	0.2662784
282	28200	0.041909292	0.25089663	0.050180245	0.25038573
283	28300	0.042058002	0.23049194	0.033050667	0.2651096
284	28400	0.044576835	0.24603309	0.056483246	0.2554246
285	28500	0.04826407	0.27952513	0.046781145	0.25193378
286	28600	0.03623357	0.25471306	0.05118324	0.25107288
287	28700	0.05711289	0.24928099	0.032237474	0.2486647
288	28800	0.060609967	0.2923923	0.045031726	0.25028798
289	28900	0.03869406	0.23239896	0.051484544	0.24752484
290	29000	0.034166444	0.24865726	0.03552329	0.25000647
291	29100	0.043102816	0.2681909	0.034383755	0.24955435
292	29200	0.034978695	0.22782294	0.037011467	0.26080236
293	29300	0.043662947	0.2529852	0.03510004	0.24664328
294	29400	0.060991585	0.24367571	0.033610906	0.2506608
295	29500	0.043253902	0.28303203	0.033617716	0.2552895
296	29600	0.034568917	0.26775903	0.03145724	0.24852555
297	29700	0.03716774	0.24764822	0.049178455	0.24841072
298	29800	0.02979512	0.22918876	0.031103507	0.248367
299	29900	0.046853937	0.26055157	0.047545157	0.25082925
300	30000	0.033870645	0.24960682	0.03469939	0.2480468
301	30100	0.05315283	0.25374162	0.044833317	0.25229624
302	30200	0.040952295	0.22961849	0.0398656	0.24827182
303	30300	0.038517326	0.27414465	0.03359082	0.24547438
304	30400	0.037400372	0.2569256	0.042080127	0.2488912
305	30500	0.036429435	0.29022303	0.035984166	0.24651702
306	30600	0.044281702	0.2258944	0.03195732	0.24585623
307	30700	0.031003268	0.24396299	0.036313508	0.25425893
308	30800	0.03733815	0.27141795	0.04668723	0.26543045
309	30900	0.035810336	0.2246896	0.04195242	0.24549283
310	31000	0.038134992	0.2355862	0.034027543	0.25108585
311	31100	0.043810908	0.24105911	0.033549353	0.24713409
312	31200	0.042116277	0.2972267	0.033003498	0.25012332
313	31300	0.032966033	0.24764349	0.035275646	0.2528903
314	31400	0.03233177	0.25812	0.033563033	0.24437346
315	31500	0.032096684	0.28596902	0.03355337	0.26149002
316	31600	0.04099441	0.25833625	0.033442315	0.2446056
317	31700	0.035784267	0.24044763	0.035713516	0.25016809
318	31800	0.03634742	0.23003909	0.03264845	0.24503127
319	31900	0.039852068	0.24194472	0.031650282	0.24481796
320	32000	0.042773075	0.2332449	0.047732927	0.24863188
321	32100	0.044795766	0.2503298	0.034115512	0.24415505
322	32200	0.036775243	0.22673821	0.031882692	0.24357606
323	32300	0.038580086	0.28000885	0.03947552	0.2459897
324	32400	0.04610967	0.26735258	0.039651535	0.25330985
325	32500	0.039558902	0.23528	0.03966073	0.25075203
326	32600	0.041214503	0.25271147	0.031753894	0.24155483
327	32700	0.038750354	0.2728709	0.036769636	0.24304059
328	32800	0.03722889	0.23204534	0.05116101	0.2522159
329	32900	0.042319942	0.26570776	0.039740115	0.24313077
330	33000	0.038228083	0.22743323	0.03204831	0.25035268
331	33100	0.03864593	0.25661737	0.031119632	0.25399628
332	33200	0.040859926	0.24162364	0.037711438	0.2479875
333	33300	0.032522157	0.26307997	0.034548394	0.24277596
334	33400	0.035392404	0.2964326	0.03194554	0.24705435
335	33500	0.051338345	0.30583182	0.03580904	0.2547129
336	33600	0.048863746	0.22690083	0.07419722	0.24104874
337	33700	0.03368877	0.26920408	0.03101682	0.24389367
338	33800	0.05037817	0.2678472	0.04486663	0.25925654
339	33900	0.03411691	0.23196562	0.030203613	0.24464935
340	34000	0.037955344	0.23017037	0.03848863	0.24626869
341	34100	0.040765636	0.24624664	0.036235172	0.24574289
342	34200	0.035855025	0.23800862	0.038657885	0.24733445
343	34300	0.03181541	0.24188676	0.033687312	0.24515162
344	34400	0.03700514	0.2631125	0.033377197	0.27150106
345	34500	0.040178683	0.26787266	0.054351754	0.25389448
346	34600	0.037630096	0.26795077	0.031840105	0.245072
347	34700	0.027831063	0.2340812	0.03145791	0.24218388
348	34800	0.049483895	0.27163112	0.042444736	0.25131088
349	34900	0.050402343	0.2520767	0.07283531	0.24474503
350	35000	0.038308647	0.24378854	0.04744758	0.24786414
351	35100	0.036666747	0.23578885	0.033242032	0.24988249
352	35200	0.040521134	0.24101926	0.03476214	0.24236198
353	35300	0.0316113	0.22598234	0.039928526	0.24295245
354	35400	0.034512483	0.23330086	0.031050552	0.24257448
355	35500	0.035644606	0.25745064	0.039523657	0.2481102
356	35600	0.03836111	0.22634175	0.040415194	0.24504493
357	35700	0.034776744	0.22000521	0.039878294	0.24280353
358	35800	0.050873667	0.25229114	0.056669697	0.24482772
359	35900	0.0506883	0.2206509	0.049920112	0.24867992
360	36000	0.034232937	0.253001	0.031055752	0.24415722
361	36100	0.04655509	0.27980837	0.035861623	0.2571517
362	36200	0.040387403	0.23482442	0.030154258	0.24406138
363	36300	0.035116706	0.26840302	0.031970877	0.24040844
364	36400	0.034266073	0.26373374	0.039009396	0.24875711
365	36500	0.033285696	0.26263103	0.045714434	0.24616145
366	36600	0.045744352	0.2796407	0.038227484	0.24098797
367	36700	0.035295222	0.21957918	0.033982567	0.24602592
368	36800	0.04003258	0.22514297	0.051835477	0.24552557
369	36900	0.038346015	0.23726505	0.036585543	0.24303308
370	37000	0.037425954	0.23366216	0.033786174	0.24777341
371	37100	0.049012296	0.24588981	0.039948758	0.25095087
372	37200	0.05482802	0.2583681	0.060131077	0.24536331
373	37300	0.038560215	0.27227145	0.04319263	0.24673568
374	37400	0.03392906	0.21642958	0.033452164	0.25436378
375	37500	0.044255536	0.2790751	0.03415514	0.25586128
376	37600	0.03647653	0.24127986	0.031452514	0.24473003
377	37700	0.042213306	0.22178602	0.042686168	0.24231933
378	37800	0.047170375	0.26442617	0.045339264	0.2465518
379	37900	0.03399834	0.22734371	0.035634086	0.24314973
380	38000	0.038689088	0.23534264	0.040286783	0.24839044
381	38100	0.04286457	0.28371355	0.048152912	0.2440125
382	38200	0.03616767	0.2564288	0.041945197	0.24212922
383	38300	0.03156494	0.2648406	0.03348452	0.25418568
384	38400	0.03929404	0.24975388	0.044210434	0.2475593
385	38500	0.02884605	0.2716195	0.032272767	0.24704741
386	38600	0.036186054	0.25103414	0.033207174	0.24658859
387	38700	0.038619563	0.24638823	0.04094818	0.2432217
388	38800	0.040255386	0.24811485	0.032717787	0.23893726
389	38900	0.03477634	0.23378465	0.041570835	0.24442434
390	39000	0.03909153	0.22750808	0.038556773	0.24444301
391	39100	0.039254516	0.2489096	0.03169551	0.24104324
392	39200	0.04064238	0.25238	0.045825902	0.24661663
393	39300	0.041557565	0.27177852	0.04243719	0.24664973
394	39400	0.042708363	0.25974306	0.040851515	0.2562903
395	39500	0.04479989	0.26353154	0.04018013	0.24651267
396	39600	0.028858617	0.21600996	0.029637717	0.23905821
397	39700	0.03355878	0.24196178	0.032628573	0.23913993
398	39800	0.03601725	0.25600964	0.04292712	0.24152413
399	39900	0.03865861	0.23031601	0.028521469	0.23979762
400	40000	0.037127312	0.2404049	0.030385526	0.24049874
401	40100	0.04719212	0.24936046	0.034742467	0.2509532
402	40200	0.032909617	0.26909086	0.036700115	0.23929328
403	40300	0.042793814	0.25071022	0.06916028	0.24023959
404	40400	0.047363613	0.25142333	0.0414175	0.24478506
405	40500	0.034792114	0.24833544	0.06709786	0.24727625
406	40600	0.030953936	0.21905416	0.04596024	0.24147524
407	40700	0.037023727	0.2455011	0.03589582	0.23947535
408	40800	0.039802704	0.28128627	0.036563303	0.2440119
409	40900	0.038662672	0.2965303	0.06371611	0.24591981
410	41000	0.037833817	0.24651109	0.039760098	0.25335628
411	41100	0.03861742	0.26720965	0.03902267	0.24901952
412	41200	0.045685798	0.3005237	0.048021343	0.24902208
413	41300	0.03631336	0.24733642	0.03355022	0.2428768
414	41400	0.032261122	0.26535943	0.031057013	0.23988697
415	41500	0.04795862	0.2627171	0.029009463	0.25442797
416	41600	0.037518878	0.23987752	0.052656833	0.24113427
417	41700	0.029982075	0.19443211	0.029142812	0.24096894
418	41800	0.04012452	0.21951747	0.034386367	0.23728958
419	41900	0.031166125	0.23932412	0.030210393	0.23754948
420	42000	0.034922667	0.24856436	0.03640459	0.24218436
421	42100	0.04295143	0.27715987	0.036562588	0.23911451
422	42200	0.033705004	0.27538982	0.037975136	0.24331555
423	42300	0.0368242	0.2363268	0.04027684	0.24064153
424	42400	0.033486933	0.23257524	0.03048253	0.24218638
425	42500	0.035495263	0.26174504	0.04583698	0.24722585
426	42600	0.04485617	0.27353868	0.030718092	0.23645137
427	42700	0.035716873	0.2455802	0.036445405	0.23796175
428	42800	0.032021474	0.23652914	0.034663983	0.23682593
429	42900	0.037134886	0.22705854	0.030391967	0.23715036
430	43000	0.03644008	0.22476636	0.03496961	0.23732734
431	43100	0.03808601	0.25149906	0.0377583	0.24674194
432	43200	0.03686101	0.2538267	0.030672293	0.24003118
433	43300	0.03469933	0.25511575	0.04036707	0.23756264
434	43400	0.034154207	0.25842714	0.030296432	0.24212867
435	43500	0.02833134	0.23370999	0.029790167	0.24326713
436	43600	0.034089964	0.26272818	0.051098257	0.24062103
437	43700	0.043615125	0.24569021	0.051322155	0.23932096
438	43800	0.046669785	0.25314334	0.03306127	0.23969895
439	43900	0.03274876	0.24192631	0.034257814	0.23969887
440	44000	0.0369595	0.22986256	0.030191096	0.24148549
441	44100	0.03958679	0.25465873	0.035381686	0.2525433
442	44200	0.035989314	0.25363612	0.034933	0.24392344
443	44300	0.033812348	0.26087165	0.032501448	0.24024852
444	44400	0.036227383	0.24986932	0.03640627	0.24797782
445	44500	0.037937343	0.22649078	0.04373939	0.24013226
446	44600	0.03985777	0.26709735	0.038634073	0.23921373
447	44700	0.033747233	0.25814968	0.04163553	0.23492432
448	44800	0.036290105	0.23902169	0.04276716	0.2414547
449	44900	0.055343315	0.21754505	0.09153736	0.23685557
450	45000	0.027967222	0.21884724	0.03239154	0.23756932
451	45100	0.039192464	0.24963908	0.034764566	0.24799383
452	45200	0.029773021	0.22420663	0.03413379	0.23764965
453	45300	0.03143005	0.2684616	0.04883117	0.23945697
454	45400	0.036165442	0.23098202	0.043402214	0.24093273
455	45500	0.033684693	0.24970466	0.028018838	0.24204925
456	45600	0.039169364	0.22163606	0.02850871	0.23669608
457	45700	0.03215767	0.24484453	0.03206007	0.2412965
458	45800	0.034434818	0.24015759	0.03301426	0.24126291
459	45900	0.029657422	0.24636014	0.032699436	0.24520928
460	46000	0.034118123	0.2191888	0.031039538	0.24501453
461	46100	0.04410791	0.2721363	0.036429446	0.23803458
462	46200	0.04005085	0.26333874	0.03422912	0.2384497
463	46300	0.029641047	0.2180265	0.04185098	0.23637024
464	46400	0.03326268	0.25176203	0.029618956	0.24197876
465	46500	0.039724592	0.24060455	0.039882075	0.24141218
466	46600	0.03863522	0.21352208	0.03583145	0.24110778
467	46700	0.03828817	0.2504298	0.033730805	0.23483169
468	46800	0.032301515	0.21821411	0.030173853	0.2352605
469	46900	0.026955085	0.22583975	0.031299043	0.23903716
470	47000	0.03401414	0.21914494	0.031428766	0.23681337
471	47100	0.039206482	0.25333416	0.04415935	0.23909797
472	47200	0.040656276	0.2212447	0.031734187	0.23745473
473	47300	0.030594349	0.25589818	0.03162734	0.235455
474	47400	0.030657144	0.23496896	0.0320762	0.23434786
475	47500	0.045981005	0.24950309	0.038844895	0.24314612
476	47600	0.03746444	0.2526763	0.041051112	0.25320217
477	47700	0.027495725	0.22222713	0.043628857	0.23876953
478	47800	0.04163999	0.2266763	0.040469225	0.2360715
479	47900	0.02922705	0.26059005	0.034309313	0.23567204
480	48000	0.034214363	0.23389979	0.032469273	0.23528937
481	48100	0.044186786	0.22783805	0.05380515	0.23679893
482	48200	0.03417833	0.24030595	0.042575613	0.23750837
483	48300	0.028895129	0.23630734	0.03096797	0.23426943
484	48400	0.031517286	0.25212887	0.038073715	0.23616946
485	48500	0.04106335	0.27356267	0.03494907	0.24600478
486	48600	0.041362748	0.23695467	0.031826694	0.23825562
487	48700	0.035694517	0.20556182	0.030340666	0.23675984
488	48800	0.03233968	0.23834342	0.031592496	0.24009913
489	48900	0.029852565	0.24391818	0.029883599	0.24082188
490	49000	0.033485055	0.245117	0.035040025	0.23568967
491	49100	0.04629734	0.26084983	0.030138407	0.2389521
492	49200	0.03043727	0.24292535	0.03827572	0.23347537
493	49300	0.029949622	0.23063055	0.029694462	0.23681848
494	49400	0.034202907	0.2411269	0.05245401	0.24448776
495	49500	0.02965901	0.23331486	0.029679174	0.23734851
496	49600	0.041772272	0.24983701	0.03833675	0.23494516
497	49700	0.030264065	0.25708228	0.036627963	0.23623547
498	49800	0.036908947	0.24227722	0.034738727	0.23609738
499	49900	0.03883317	0.265074	0.038389392	0.23548739
500	50000	0.03101302	0.21259603	0.028440585	0.23590612
501	50100	0.039378785	0.23308851	0.031372946	0.2404097
502	50200	0.032793537	0.19975571	0.038943235	0.23343119
503	50300	0.035488907	0.24574853	0.04143087	0.23843324
504	50400	0.031044899	0.24757351	0.028730365	0.23469505
505	50500	0.037668653	0.25808382	0.03621454	0.23526886
506	50600	0.024663096	0.21417654	0.027652496	0.23553376
507	50700	0.03512566	0.2356679	0.033792503	0.2355342
508	50800	0.041175716	0.2376375	0.030298864	0.2348749
509	50900	0.028952796	0.18788055	0.031831976	0.23592508
510	51000	0.032816492	0.21507066	0.030023636	0.23652682
511	51100	0.04726493	0.26636982	0.034238067	0.23757383
512	51200	0.039727975	0.2517798	0.033231195	0.23669311
513	51300	0.031067245	0.22546557	0.03480751	0.23501697
514	51400	0.035877552	0.24084118	0.028628256	0.23314892
515	51500	0.044530515	0.23961149	0.035719458	0.23891073
516	51600	0.032669395	0.23216939	0.04310081	0.23569196
517	51700	0.027742043	0.2263686	0.031255543	0.23530939
518	51800	0.043861475	0.27351668	0.030050607	0.23872454
519	51900	0.03224837	0.22557607	0.030222874	0.23944442
520	52000	0.02962334	0.245202	0.030775733	0.23607288
521	52100	0.039830342	0.2410527	0.036448363	0.23772943
522	52200	0.04531026	0.24864644	0.043760795	0.23410703
523	52300	0.025998991	0.20466518	0.033429343	0.23475888
524	52400	0.03472014	0.23612688	0.041130017	0.23813471
525	52500	0.051775903	0.2731339	0.06158479	0.25973114
526	52600	0.030109324	0.24253424	0.028500278	0.23443222
527	52700	0.032908805	0.23994376	0.036677763	0.23675895
528	52800	0.035787407	0.23849529	0.033461366	0.23340935
529	52900	0.037052806	0.24601327	0.03729176	0.23984167
530	53000	0.02757149	0.21131459	0.029599315	0.24054883
531	53100	0.037961166	0.23572901	0.031244554	0.23520252
532	53200	0.032306474	0.20195717	0.030530145	0.23842862
533	53300	0.03950058	0.2416657	0.0301103	0.2346315
534	53400	0.03839926	0.23034357	0.03784983	0.23262848
535	53500	0.03949737	0.28137037	0.041277945	0.23794481
536	53600	0.04177035	0.24278373	0.032502867	0.23497298
537	53700	0.036901493	0.21952844	0.03601025	0.23644044
538	53800	0.044785213	0.22513989	0.041264027	0.231732
539	53900	0.036758266	0.23330411	0.03423661	0.23702213
540	54000	0.037099324	0.23210791	0.03613668	0.23391165
541	54100	0.03942498	0.27063164	0.03582938	0.23603934
542	54200	0.032647196	0.20993312	0.029945698	0.23799986
543	54300	0.031728126	0.2408728	0.029150678	0.23469506
544	54400	0.031449582	0.24633089	0.034790214	0.23482881
545	54500	0.04050504	0.24325019	0.031324297	0.23783934
546	54600	0.027842546	0.23269272	0.03252671	0.23141325
547	54700	0.024761235	0.21546234	0.029123615	0.23388176
548	54800	0.029198699	0.24718459	0.041220676	0.23411115
549	54900	0.034538943	0.2072707	0.029552089	0.23398952
550	55000	0.034745168	0.24120337	0.031248756	0.23304401
551	55100	0.03304916	0.21238498	0.04020833	0.23733668
552	55200	0.037850402	0.25130522	0.03356972	0.2334583
553	55300	0.03410442	0.2529787	0.030687002	0.23198678
554	55400	0.026195921	0.23000175	0.02932613	0.23832402
555	55500	0.034837842	0.21922229	0.05544659	0.23566632
556	55600	0.031199375	0.221839	0.029929707	0.23466578
557	55700	0.030862158	0.21902362	0.031055255	0.23346436
558	55800	0.031421196	0.243501	0.034109123	0.23218784
559	55900	0.034615878	0.22774945	0.035013884	0.23525637
560	56000	0.027772402	0.2005333	0.030062495	0.23428485
561	56100	0.037443087	0.25778595	0.029081106	0.2348464
562	56200	0.048629306	0.24742623	0.031153437	0.23362552
563	56300	0.029219614	0.21557187	0.029703323	0.23118034
564	56400	0.032214988	0.23742723	0.028686572	0.2332616
565	56500	0.035806313	0.22193347	0.03245617	0.24625641
566	56600	0.03681283	0.2245253	0.03140123	0.23675936
567	56700	0.029172255	0.22784458	0.03373566	0.2340017
568	56800	0.04038481	0.2686235	0.029072756	0.23403242
569	56900	0.03208962	0.22628632	0.029463086	0.23490712
570	57000	0.036233637	0.2250295	0.036990244	0.23240772
571	57100	0.032456797	0.22671798	0.026987217	0.23197335
572	57200	0.031086009	0.21635963	0.03455869	0.23304942
573	57300	0.03542028	0.23349512	0.034292735	0.23513705
574	57400	0.028765094	0.22000614	0.031714026	0.23560865
575	57500	0.03320174	0.25779516	0.029457787	0.23397383
576	57600	0.031152176	0.24046412	0.028734615	0.23288296
577	57700	0.028422879	0.22274897	0.02753281	0.23247129
578	57800	0.04066234	0.248691	0.03590857	0.23529033
579	57900	0.028513601	0.24119216	0.031336486	0.23626913
580	58000	0.031546805	0.23414832	0.028296562	0.2349176
581	58100	0.03293114	0.24548036	0.028489457	0.23476699
582	58200	0.031151883	0.21144998	0.04201894	0.23227625
583	58300	0.03362886	0.24457373	0.031353783	0.23285422
584	58400	0.032715067	0.25625354	0.030032849	0.23855734
585	58500	0.028125452	0.24301744	0.03977755	0.23549643
586	58600	0.039445747	0.25405636	0.030818133	0.23222166
587	58700	0.029253678	0.23273465	0.02860212	0.23587371
588	58800	0.040491175	0.2519669	0.033128906	0.23287854
589	58900	0.028996365	0.22969362	0.02790893	0.23546745
590	59000	0.035181385	0.24202299	0.027408205	0.23865333
591	59100	0.036587648	0.20848355	0.042361554	0.23483424
592	59200	0.032517094	0.20757172	0.035484	0.23443595
593	59300	0.025787106	0.2085661	0.029821182	0.23302326
594	59400	0.03222663	0.28028744	0.056202322	0.23627289
595	59500	0.03428546	0.2309192	0.044034485	0.23418754
596	59600	0.026192347	0.21187496	0.029384704	0.23672566
597	59700	0.029382234	0.20931537	0.035323378	0.23254538
598	59800	0.027755318	0.25192624	0.035640955	0.23410583
599	59900	0.03839091	0.2217024	0.040754173	0.23223898
600	60000	0.03487317	0.21816012	0.047186587	0.23930956
601	60100	0.039550025	0.24334383	0.044551432	0.23407114
602	60200	0.031569242	0.23486032	0.031850487	0.23250782
603	60300	0.030973844	0.25192884	0.0454884	0.23119974
604	60400	0.04628595	0.2435623	0.054494865	0.24417143
605	60500	0.035319585	0.25169608	0.032095153	0.23411268
606	60600	0.029109241	0.23226433	0.03061543	0.23203062
607	60700	0.044526204	0.21591213	0.032084577	0.23276542
608	60800	0.04530395	0.27702492	0.033247665	0.23195115
609	60900	0.025583334	0.21815963	0.030049732	0.23896463
610	61000	0.0308666	0.22333452	0.026782276	0.2327925
611	61100	0.04618054	0.24951379	0.0348511	0.23314023
612	61200	0.036409743	0.24135956	0.029060613	0.23803274
613	61300	0.031021554	0.23127969	0.032644168	0.23327987
614	61400	0.035017524	0.23833412	0.056051675	0.23268084
615	61500	0.030687703	0.238808	0.038375374	0.23590584
616	61600	0.02522117	0.23386942	0.034690533	0.2335726
617	61700	0.03168698	0.17354187	0.04780224	0.2310524
618	61800	0.034084994	0.23908122	0.0501341	0.23268811
619	61900	0.04006041	0.24997157	0.051095318	0.23350024
620	62000	0.03102669	0.23818414	0.043576557	0.23417547
621	62100	0.036463425	0.23657405	0.030353857	0.23080754
622	62200	0.036520645	0.23086154	0.053542253	0.23293619
623	62300	0.026441079	0.21202007	0.028014777	0.23196839
624	62400	0.02691499	0.243813	0.030505346	0.23499359
625	62500	0.030591914	0.21563336	0.036552943	0.23720594
626	62600	0.031101653	0.23448738	0.03532534	0.23085469
627	62700	0.04093533	0.23537818	0.028846208	0.23045175
628	62800	0.03070258	0.21933565	0.03169386	0.23104829
629	62900	0.0400246	0.26722914	0.046312563	0.23662049
630	63000	0.028033005	0.22594343	0.030804398	0.2312993
631	63100	0.031881105	0.2177133	0.02696804	0.23149714
632	63200	0.030465571	0.21290877	0.02873628	0.23164959
633	63300	0.039085373	0.23964277	0.051374618	0.23054619
634	63400	0.027843403	0.23498157	0.035793968	0.23586196
635	63500	0.037832305	0.2661839	0.029406238	0.23728424
636	63600	0.02682181	0.2234057	0.029634006	0.22925834
637	63700	0.029898366	0.23632374	0.03161361	0.23114699
638	63800	0.032252066	0.20475292	0.034242187	0.23051792
639	63900	0.040942192	0.22474511	0.028795667	0.23022184
640	64000	0.032321256	0.2293178	0.028571391	0.23022601
641	64100	0.050041415	0.24402994	0.03942795	0.23408729
642	64200	0.02671654	0.20704566	0.028311392	0.23050371
643	64300	0.02941194	0.21759409	0.042852864	0.23189779
644	64400	0.032078627	0.23852487	0.03202419	0.23825367
645	64500	0.03612239	0.2568042	0.029267078	0.23946705
646	64600	0.032641113	0.24081393	0.032082677	0.23225272
647	64700	0.029331002	0.21826358	0.031230893	0.23113099
648	64800	0.03482617	0.22036333	0.027368963	0.23073581
649	64900	0.044383176	0.2530123	0.04870218	0.2326625
650	65000	0.03505451	0.2316566	0.028071119	0.23127846
651	65100	0.04228552	0.2319856	0.041611366	0.23174015
652	65200	0.031907484	0.20648685	0.028737828	0.23014943
653	65300	0.028581766	0.22190763	0.029273838	0.22963907
654	65400	0.026921712	0.24443044	0.03617221	0.23540294
655	65500	0.025732834	0.23242047	0.02897351	0.2412987
656	65600	0.03758644	0.22954105	0.04287966	0.23238826
657	65700	0.036741804	0.21529704	0.029488746	0.23320487
658	65800	0.0344679	0.21906874	0.032476805	0.2308307
659	65900	0.040434875	0.27020907	0.027988309	0.23222455
660	66000	0.030059902	0.23795821	0.031605337	0.23050766
661	66100	0.0418163	0.23960516	0.053889465	0.23252955
662	66200	0.041281164	0.20740451	0.027445987	0.23041518
663	66300	0.03114604	0.22249994	0.03351135	0.23111026
664	66400	0.03198819	0.24038693	0.028052913	0.23716456
665	66500	0.034466743	0.25487578	0.029202104	0.23204732
666	66600	0.03887438	0.24379988	0.027078949	0.23169878
667	66700	0.032008436	0.23200586	0.02803245	0.22917512
668	66800	0.034884594	0.2417827	0.028316313	0.2298159
669	66900	0.02714925	0.20656396	0.028208118	0.23385945
670	67000	0.027916621	0.20819795	0.029846735	0.22893773
671	67100	0.036403283	0.24496771	0.052969005	0.23226963
672	67200	0.031493735	0.22551915	0.031327605	0.22970255
673	67300	0.029528271	0.23316672	0.030499695	0.23073421
674	67400	0.029810166	0.24009416	0.030879695	0.23676999
675	67500	0.025767807	0.21051517	0.026953746	0.2349733
676	67600	0.02634272	0.21549466	0.025789874	0.23243374
677	67700	0.038172442	0.2342215	0.03278148	0.23026015
678	67800	0.033052176	0.22804765	0.036306873	0.22847247
679	67900	0.037061032	0.21786027	0.029836426	0.23181513
680	68000	0.030537592	0.21057774	0.036789052	0.23040704
681	68100	0.041654665	0.24760196	0.03149109	0.2357064
682	68200	0.028512383	0.24244948	0.030396597	0.23029476
683	68300	0.028249852	0.22530405	0.029932804	0.23115708
684	68400	0.0343544	0.23547207	0.027577287	0.23516424
685	68500	0.033634175	0.25262263	0.036287226	0.23459022
686	68600	0.030690547	0.26180848	0.028822837	0.23020977
687	68700	0.03627442	0.23079784	0.031683076	0.22873275
688	68800	0.031891324	0.2113891	0.027903073	0.2309709
689	68900	0.03862411	0.21092644	0.04127397	0.22947702
690	69000	0.027708039	0.19913563	0.032496616	0.2307672
691	69100	0.033984695	0.2523566	0.048735727	0.23620544
692	69200	0.030758424	0.23905455	0.028467182	0.22972058
693	69300	0.031464387	0.19882822	0.027094143	0.2299082
694	69400	0.02525571	0.22061369	0.029392416	0.23026069
695	69500	0.025611069	0.23187882	0.029441047	0.24412003
696	69600	0.031901713	0.23271641	0.028482387	0.23337558
697	69700	0.035361502	0.25323084	0.039004423	0.22936478
698	69800	0.037094694	0.24919485	0.0355095	0.22791189
699	69900	0.029563181	0.20069714	0.04420227	0.23079869
700	70000	0.030036766	0.24246761	0.026909381	0.23037675
701	70100	0.036846764	0.23045874	0.033045527	0.2316203
702	70200	0.026779637	0.21631557	0.027286481	0.2295295
703	70300	0.028399132	0.22738065	0.03275921	0.23245506
704	70400	0.03368822	0.2265445	0.029386302	0.229484
705	70500	0.027937964	0.24456939	0.030295301	0.23464604
706	70600	0.03132252	0.24406992	0.027930971	0.2298669
707	70700	0.030277483	0.21201456	0.025793446	0.22934829
708	70800	0.040491305	0.24913241	0.036282882	0.23322938
709	70900	0.03291945	0.20804703	0.03279237	0.23135561
710	71000	0.027776401	0.22159414	0.034441825	0.23226872
711	71100	0.032565527	0.22656314	0.02806739	0.22984992
712	71200	0.03672666	0.2644368	0.05119119	0.22934845
713	71300	0.028665211	0.23616591	0.02817802	0.23021938
714	71400	0.027354073	0.21254721	0.031478934	0.23758346
715	71500	0.03783612	0.26079702	0.026758336	0.23247585
716	71600	0.03301309	0.20259804	0.040858164	0.23132378
717	71700	0.021272099	0.20252706	0.029934168	0.22830938
718	71800	0.044447612	0.24511932	0.029169966	0.23336731
719	71900	0.031830534	0.2230854	0.027640847	0.23307642
720	72000	0.026891382	0.24421301	0.029021183	0.23099792
721	72100	0.03417587	0.24271722	0.031655174	0.2294395
722	72200	0.030196806	0.21201141	0.02828654	0.22834791
723	72300	0.028895982	0.24735874	0.030271864	0.23546529
724	72400	0.02689089	0.22264735	0.027299574	0.23243478
725	72500	0.03124496	0.22073105	0.03484534	0.2320358
726	72600	0.025713122	0.20993061	0.027161337	0.22803682
727	72700	0.025591599	0.19564971	0.029525751	0.22932845
728	72800	0.040527247	0.22596014	0.05405821	0.23625626
729	72900	0.025893193	0.20569411	0.032585043	0.23034652
730	73000	0.028532375	0.2167374	0.027768793	0.22891234
731	73100	0.039389573	0.24727319	0.028690157	0.23672721
732	73200	0.034402806	0.21987589	0.035358097	0.23035395
733	73300	0.030548444	0.24487421	0.040350236	0.22837839
734	73400	0.031936735	0.22804964	0.028766127	0.23400185
735	73500	0.03099065	0.23755391	0.029942803	0.23186147
736	73600	0.031463575	0.23353165	0.028393969	0.23016505
737	73700	0.033271022	0.2520488	0.027612794	0.22727028
738	73800	0.030610435	0.22158739	0.03047785	0.22813146
739	73900	0.037431017	0.2472665	0.035241466	0.22844584
740	74000	0.03876439	0.23478231	0.030190324	0.23003037
741	74100	0.042305596	0.2308841	0.031298604	0.23027085
742	74200	0.026409835	0.21641631	0.03168782	0.22938162
743	74300	0.033201076	0.25732952	0.028211078	0.22915821
744	74400	0.031569246	0.25109074	0.029880935	0.23423351
745	74500	0.0358675	0.23916829	0.02840952	0.23397084
746	74600	0.02985447	0.23323858	0.02813225	0.23307241
747	74700	0.03427321	0.2366539	0.026388237	0.23133524
748	74800	0.031616338	0.2785846	0.032022197	0.22824794
749	74900	0.025798472	0.20287086	0.028351812	0.23049298
750	75000	0.032007445	0.23078817	0.03178788	0.23375566
751	75100	0.041890077	0.25048876	0.034764472	0.2293547
752	75200	0.033738352	0.22898759	0.033512093	0.23196606
753	75300	0.030390369	0.20705304	0.028374637	0.23078325
754	75400	0.03363393	0.2624874	0.039243743	0.23303322
755	75500	0.031362895	0.25126365	0.035611503	0.23747429
756	75600	0.021278901	0.22575136	0.027222235	0.23030512
757	75700	0.032722987	0.22709589	0.028405642	0.22739351
758	75800	0.03587445	0.21371928	0.027171629	0.22892463
759	75900	0.034033492	0.21731383	0.03673705	0.22860527
760	76000	0.032056235	0.22960325	0.02810625	0.22716202
761	76100	0.0356986	0.25386423	0.032779075	0.23191944
762	76200	0.03398217	0.21570607	0.035428848	0.22748035
763	76300	0.029603364	0.21906249	0.03443016	0.22908315
764	76400	0.03157365	0.23218317	0.03829093	0.23449174
765	76500	0.027278122	0.24681523	0.029705342	0.23026566
766	76600	0.034149207	0.23096128	0.030994782	0.23137389
767	76700	0.026363667	0.22331585	0.0274146	0.22661276
768	76800	0.027255783	0.2190812	0.029140031	0.22750227
769	76900	0.02737285	0.23155636	0.028436061	0.2276819
770	77000	0.030004892	0.2068754	0.02834135	0.22810997
771	77100	0.03490701	0.23841648	0.031198919	0.22993135
772	77200	0.02259972	0.18904942	0.029062672	0.22878417
773	77300	0.03378383	0.22069348	0.032748446	0.22935611
774	77400	0.028008988	0.22237739	0.02641042	0.2328359
775	77500	0.028235797	0.23992391	0.030741582	0.22908589
776	77600	0.032134376	0.22424468	0.026328491	0.22965136
777	77700	0.033480298	0.23183788	0.03513231	0.22915989
778	77800	0.026670653	0.2166905	0.029662121	0.23223996
779	77900	0.028466927	0.20766349	0.028588617	0.22831917
780	78000	0.022967305	0.19117534	0.027723238	0.22954854
781	78100	0.044003736	0.2188553	0.044057395	0.22943616
782	78200	0.028158609	0.19841066	0.032837752	0.230758
783	78300	0.026706986	0.22811656	0.029598037	0.22737454
784	78400	0.027305445	0.22230025	0.027402652	0.22883871
785	78500	0.025824409	0.22291818	0.028327081	0.22940041
786	78600	0.02606062	0.19947867	0.029659247	0.22839133
787	78700	0.02973641	0.2270459	0.029090287	0.22799817
788	78800	0.033162776	0.2502581	0.028182385	0.22867271
789	78900	0.028210565	0.2110012	0.034066834	0.22780856
790	79000	0.027262617	0.22287203	0.025831115	0.22834791
791	79100	0.03434104	0.23738384	0.032002084	0.23192772
792	79200	0.028478356	0.21687907	0.029925974	0.22913884
793	79300	0.024499573	0.21121353	0.028404903	0.22843353
794	79400	0.030996546	0.24294676	0.033192027	0.22998247
795	79500	0.02650129	0.19777533	0.029920783	0.23041011
796	79600	0.03387212	0.24079387	0.02588593	0.2294422
797	79700	0.031266417	0.22960937	0.026814539	0.22850814
798	79800	0.033018272	0.23694532	0.0367265	0.22892386
799	79900	0.03227689	0.22162513	0.02604916	0.22962451
800	80000	0.03175261	0.247702	0.027469557	0.22754757
801	80100	0.03543102	0.25334126	0.02677275	0.22816493
802	80200	0.029699564	0.22730541	0.027570304	0.22716089
803	80300	0.03150674	0.22373602	0.031866085	0.23020588
804	80400	0.033499785	0.24368641	0.03009529	0.23110487
805	80500	0.026607182	0.24982655	0.026259035	0.23056778
806	80600	0.029416338	0.23006882	0.030137604	0.23098935
807	80700	0.025228623	0.22296707	0.033565994	0.22781335
808	80800	0.030871132	0.22116937	0.03036957	0.22705999
809	80900	0.029695928	0.24150774	0.035593443	0.22854796
810	81000	0.029227326	0.20933072	0.029082242	0.22820081
811	81100	0.028775604	0.22330324	0.036875162	0.22766912
812	81200	0.03316301	0.20866695	0.028764557	0.22914575
813	81300	0.02620704	0.2409104	0.027405726	0.22762953
814	81400	0.026585383	0.24148807	0.028183043	0.23053499
815	81500	0.028056312	0.20981185	0.03123424	0.22956349
816	81600	0.036961794	0.2480692	0.042125337	0.23028828
817	81700	0.03163626	0.24297321	0.026473248	0.22767358
818	81800	0.034505326	0.25043663	0.040781464	0.22696227
819	81900	0.032680135	0.22676133	0.03363959	0.22909693
820	82000	0.023051374	0.21406391	0.026259577	0.23048237
821	82100	0.03495423	0.2571935	0.027739612	0.22818683
822	82200	0.03408581	0.22843769	0.035895348	0.22985253
823	82300	0.02571582	0.24715258	0.03193161	0.2271143
824	82400	0.028606158	0.22255105	0.03594081	0.22749113
825	82500	0.035566606	0.25749877	0.028884718	0.2289993
826	82600	0.032564	0.2282032	0.044415038	0.23233865
827	82700	0.027507327	0.19788533	0.02797947	0.2289859
828	82800	0.029703509	0.21220815	0.026176572	0.22548373
829	82900	0.032720715	0.22417963	0.027406188	0.22799388
830	83000	0.026112966	0.22491449	0.02753153	0.22826432
831	83100	0.03450354	0.22792749	0.03470099	0.23075828
832	83200	0.028789349	0.26280007	0.02812012	0.22662655
833	83300	0.023842711	0.21166272	0.027354447	0.22704633
834	83400	0.028999124	0.21089369	0.02533951	0.23064369
835	83500	0.027853772	0.2615827	0.028629698	0.23083115
836	83600	0.025045354	0.22089809	0.02560477	0.22768962
837	83700	0.026327198	0.24562445	0.026673922	0.23006354
838	83800	0.033650834	0.255801	0.033344675	0.23056938
839	83900	0.02434773	0.21743552	0.02642388	0.22730623
840	84000	0.033379808	0.20276254	0.039067574	0.22836852
841	84100	0.029202066	0.26210147	0.027670972	0.22787003
842	84200	0.03364352	0.22342873	0.035395864	0.22770564
843	84300	0.03140195	0.21201158	0.028799983	0.22711343
844	84400	0.025432413	0.21968396	0.030367883	0.2282228
845	84500	0.033294488	0.26094326	0.042293373	0.23024017
846	84600	0.033233054	0.21780963	0.049652323	0.22740826
847	84700	0.027268292	0.22345038	0.027634779	0.2263708
848	84800	0.03662889	0.223502	0.02954811	0.2268639
849	84900	0.030587044	0.2204436	0.030694708	0.22652559
850	85000	0.02959864	0.23487195	0.032746475	0.22829849
851	85100	0.03958765	0.26783434	0.027593236	0.22696723
852	85200	0.029379189	0.23732173	0.03416869	0.22843382
853	85300	0.032056212	0.24694766	0.032854058	0.22673748
854	85400	0.030749736	0.22832847	0.026741004	0.2263251
855	85500	0.02735765	0.24562648	0.027530026	0.23073864
856	85600	0.02545502	0.23807889	0.025788859	0.22651999
857	85700	0.026463542	0.22099495	0.027776804	0.22856723
858	85800	0.028902357	0.22210968	0.026743652	0.22538967
859	85900	0.026824184	0.20307069	0.031852044	0.22781302
860	86000	0.027678391	0.24018179	0.032642625	0.22724631
861	86100	0.045334537	0.27901316	0.0381374	0.22808434
862	86200	0.024057696	0.22132954	0.027839245	0.22665493
863	86300	0.024268819	0.24286199	0.026796242	0.22761771
864	86400	0.026440939	0.251843	0.030974481	0.23308845
865	86500	0.028542394	0.22167364	0.03127614	0.22694182
866	86600	0.026381701	0.22148213	0.042899333	0.2306068
867	86700	0.027144423	0.1921423	0.028681997	0.22599669
868	86800	0.031443685	0.21244141	0.029837135	0.22714749
869	86900	0.026940929	0.23580937	0.032110836	0.22660533
870	87000	0.03165312	0.24188374	0.033249434	0.22648518
871	87100	0.043970123	0.23458691	0.032919794	0.2275751
872	87200	0.03364024	0.21527542	0.03080403	0.22758764
873	87300	0.026088301	0.24965893	0.028376507	0.22839515
874	87400	0.030466335	0.2356207	0.030455168	0.22855923
875	87500	0.02852845	0.2264091	0.02763998	0.22972174
876	87600	0.02606833	0.23881204	0.02710676	0.22799844
877	87700	0.025083968	0.22538939	0.026495159	0.22618602
878	87800	0.032667723	0.25493366	0.02780108	0.22708775
879	87900	0.027367415	0.21149826	0.041750893	0.22682448
880	88000	0.032269087	0.20354775	0.031603083	0.22952454
881	88100	0.029321713	0.22162105	0.028709171	0.2287593
882	88200	0.02773308	0.1942924	0.028773613	0.22647004
883	88300	0.035453267	0.21925198	0.028328555	0.2270308
884	88400	0.02629987	0.20986868	0.025929734	0.22739676
885	88500	0.031049479	0.2365124	0.036174666	0.2278087
886	88600	0.029169232	0.229986	0.026326345	0.22669964
887	88700	0.027618414	0.20367575	0.026170468	0.22672102
888	88800	0.034934133	0.25163323	0.028277582	0.2259397
889	88900	0.031953108	0.23278333	0.026489941	0.22631538
890	89000	0.027597005	0.22238904	0.034145515	0.22631586
891	89100	0.037479248	0.21499859	0.033817016	0.22671609
892	89200	0.026921444	0.1889894	0.026718872	0.22727573
893	89300	0.029022666	0.22620198	0.029636377	0.22827606
894	89400	0.027297663	0.23594506	0.027913362	0.2311211
895	89500	0.024410963	0.22344558	0.025890775	0.22625767
896	89600	0.026960397	0.21773878	0.038184978	0.22755307
897	89700	0.031476717	0.23108314	0.02729498	0.2301332
898	89800	0.031916372	0.25071028	0.029459756	0.226275
899	89900	0.02475483	0.22097994	0.026496993	0.22658965
900	90000	0.027798505	0.22440594	0.025492195	0.23120926
901	90100	0.033338733	0.2303219	0.029494805	0.22697608
902	90200	0.02567806	0.23216546	0.02666082	0.2263226
903	90300	0.031509455	0.24667835	0.026463658	0.22676584
904	90400	0.030276323	0.22771002	0.028197277	0.22688015
905	90500	0.030151635	0.2246201	0.029241595	0.22753868
906	90600	0.029714303	0.22154808	0.032852214	0.22791386
907	90700	0.024913887	0.23386118	0.0267611	0.22709942
908	90800	0.032792155	0.27222696	0.032296278	0.22671185
909	90900	0.029561294	0.2264717	0.030029217	0.22795495
910	91000	0.029722912	0.20174818	0.031510666	0.22842705
911	91100	0.038288504	0.26842058	0.030820172	0.23383455
912	91200	0.025389627	0.20441759	0.033202976	0.22604251
913	91300	0.028623417	0.20855322	0.029051092	0.22997451
914	91400	0.032169927	0.23380767	0.0278876	0.22575091
915	91500	0.032557864	0.25801107	0.03882194	0.23567657
916	91600	0.02741139	0.23331606	0.03009174	0.22794057
917	91700	0.024129128	0.21296678	0.02896985	0.22646394
918	91800	0.030474136	0.25109845	0.027291289	0.22631864
919	91900	0.0366678	0.2319277	0.027797475	0.22693804
920	92000	0.029669758	0.23654865	0.02652563	0.22696222
921	92100	0.027860072	0.22317556	0.027498191	0.2270634
922	92200	0.029745137	0.22633082	0.027399717	0.22790655
923	92300	0.030883823	0.21982802	0.035497587	0.22633442
924	92400	0.022890316	0.20481788	0.028881568	0.22528718
925	92500	0.031453654	0.25333878	0.034197874	0.23209794
926	92600	0.026665658	0.22346132	0.02822162	0.22641821
927	92700	0.02455064	0.20467809	0.029059716	0.22633299
928	92800	0.031984024	0.23203768	0.032318525	0.22519097
929	92900	0.02840392	0.21325172	0.027804015	0.22491868
930	93000	0.022384893	0.232801	0.027427973	0.22689062
931	93100	0.03228461	0.22605015	0.029334472	0.22725359
932	93200	0.026548084	0.24594057	0.031855702	0.22746605
933	93300	0.031374924	0.2192806	0.030309416	0.22676536
934	93400	0.020805907	0.20700803	0.027079403	0.22691602
935	93500	0.023287486	0.20779109	0.02731773	0.22809105
936	93600	0.027283229	0.21766713	0.028061934	0.2275903
937	93700	0.02635913	0.23093359	0.035223365	0.22407448
938	93800	0.029705124	0.21106608	0.037002567	0.2258333
939	93900	0.028414184	0.1976307	0.031258352	0.22520298
940	94000	0.030961547	0.23907341	0.030588297	0.22996166
941	94100	0.031694397	0.25386703	0.030679213	0.22972102
942	94200	0.02787111	0.21521673	0.026850304	0.22634554
943	94300	0.031937424	0.22339074	0.026677737	0.22629014
944	94400	0.025185237	0.21759957	0.026699103	0.2275889
945	94500	0.032902427	0.23937918	0.03404053	0.22684817
946	94600	0.028002819	0.24499327	0.02613342	0.2304499
947	94700	0.026710223	0.20053735	0.029462019	0.22549386
948	94800	0.029668728	0.23151144	0.027203636	0.22405954
949	94900	0.03134467	0.2398538	0.031182649	0.22642757
950	95000	0.03399202	0.20373285	0.028106498	0.22829555
951	95100	0.031435568	0.22695817	0.02636053	0.22924834
952	95200	0.035077207	0.20366669	0.030371828	0.22508027
953	95300	0.027790437	0.22992608	0.026622413	0.22673233
954	95400	0.028468378	0.21875757	0.031271525	0.22558111
955	95500	0.031478047	0.2305814	0.027323378	0.23078567
956	95600	0.024411034	0.20110984	0.029122956	0.22710335
957	95700	0.028374534	0.242699	0.025384963	0.22593145
958	95800	0.03080302	0.21336669	0.026316155	0.22532699
959	95900	0.028015537	0.20847191	0.026767937	0.22391452
960	96000	0.03166234	0.21191604	0.030389935	0.22579758
961	96100	0.032447323	0.21930116	0.032304965	0.22680308
962	96200	0.031965822	0.22254743	0.031551093	0.2249371
963	96300	0.02680783	0.20613365	0.035633676	0.22501819
964	96400	0.02598958	0.21735501	0.0278049	0.226304
965	96500	0.026915528	0.2203354	0.031353667	0.23038086
966	96600	0.022630753	0.19861048	0.02977751	0.22607191
967	96700	0.022109447	0.21307431	0.026673561	0.2260938
968	96800	0.030709583	0.21990576	0.02845959	0.22373356
969	96900	0.029338254	0.213554	0.03350026	0.22713935
970	97000	0.02867426	0.22854412	0.025883708	0.22455485
971	97100	0.030802084	0.2344699	0.031278595	0.22746283
972	97200	0.027484952	0.2389931	0.027292185	0.224421
973	97300	0.023197697	0.20688221	0.025554227	0.22495866
974	97400	0.029827015	0.21007448	0.033467304	0.22748579
975	97500	0.0319348	0.23003794	0.027638532	0.22753116
976	97600	0.027493674	0.24501184	0.02869731	0.22735392
977	97700	0.023825886	0.22538686	0.03012049	0.22523677
978	97800	0.028538233	0.22475106	0.025963206	0.22517931
979	97900	0.025818458	0.22922888	0.025661057	0.22589228
980	98000	0.028920844	0.22279432	0.028226756	0.22618225
981	98100	0.02790961	0.21924683	0.031179506	0.22424261
982	98200	0.023562552	0.20108509	0.033166427	0.22518517
983	98300	0.023413658	0.21983272	0.02843807	0.22602072
984	98400	0.025138123	0.22517669	0.027409505	0.22894655
985	98500	0.031669036	0.22461936	0.025815543	0.22685964
986	98600	0.027411643	0.19182003	0.033094242	0.2260643
987	98700	0.027558193	0.2123009	0.028301205	0.22791035
988	98800	0.029817613	0.2202844	0.02872235	0.22425708
989	98900	0.030558936	0.22819997	0.03068299	0.2244985
990	99000	0.022062998	0.22949229	0.028505133	0.22598389
991	99100	0.03144513	0.23675916	0.025244674	0.22682895
992	99200	0.02633894	0.23529755	0.028753338	0.22583504
993	99300	0.027571516	0.21959661	0.025742019	0.22442286
994	99400	0.030187408	0.21504985	0.025462454	0.22685187
995	99500	0.029640552	0.24303317	0.029963277	0.22754239
996	99600	0.027433291	0.23548119	0.025749229	0.2255442
997	99700	0.028403906	0.2323086	0.03179726	0.22574143
998	99800	0.030528732	0.23355538	0.027536547	0.22464365
999	99900	0.024175774	0.19628204	0.028966414	0.2239702
1000	100000	0.027619286	0.21008405	0.025504379	0.22537668
