#epoch	step	MAE/at	MAEF	Val_MAE/at	Val_MAEF
1	100	0.039994694	0.46423388	0.034251403	0.37972412
2	200	0.039309822	0.30953783	0.025258483	0.2927456
3	300	0.030738905	0.27858645	0.017532349	0.26782832
4	400	0.024419516	0.25344315	0.01748352	0.24563715
5	500	0.030948365	0.25736275	0.043095093	0.22752649
6	600	0.025907418	0.23261304	0.014293212	0.21975552
7	700	0.031937778	0.19247402	0.019387817	0.20566648
8	800	0.028964367	0.19606215	0.025466919	0.20252654
9	900	0.023439078	0.21096198	0.011488037	0.19550504
10	1000	0.022564655	0.19068485	0.032918394	0.1906511
11	1100	0.037925344	0.19651425	0.04940216	0.18702185
12	1200	0.023239829	0.16073188	0.008939514	0.18251763
13	1300	0.020458084	0.18598993	0.012989197	0.17214149
14	1400	0.044126637	0.19750048	0.01837799	0.17103629
15	1500	0.038125735	0.19053763	0.017011719	0.16066901
16	1600	0.034101713	0.15285248	0.014601135	0.16063616
17	1700	0.057475366	0.17865098	0.013816528	0.16280927
18	1800	0.035973486	0.16185045	0.03420227	0.15294124
19	1900	0.029043227	0.1505511	0.05873718	0.15008013
20	2000	0.0331071	0.15795022	0.041026305	0.14656511
21	2100	0.02453184	0.138312	0.011681213	0.14422746
22	2200	0.0191316	0.1383971	0.0282193	0.14470915
23	2300	0.021200584	0.14652711	0.01609558	0.14040707
24	2400	0.025144815	0.15620391	0.009537048	0.1507443
25	2500	0.028206948	0.14573567	0.015638122	0.13920832
26	2600	0.01612101	0.13556264	0.011520996	0.13762288
27	2700	0.017743463	0.13451526	0.011506958	0.13477981
28	2800	0.028133638	0.14015973	0.024576416	0.13471374
29	2900	0.026729386	0.14138144	0.030474547	0.13188152
30	3000	0.016536957	0.12367747	0.014008788	0.13005762
31	3100	0.022842307	0.12722836	0.0227182	0.13181731
32	3200	0.024037655	0.14433867	0.07065124	0.13469519
33	3300	0.019309634	0.1311435	0.03271759	0.12737253
34	3400	0.02274433	0.11855923	0.018467711	0.122025646
35	3500	0.021653105	0.1169574	0.013481445	0.12225495
36	3600	0.028109845	0.1194098	0.01878479	0.12341498
37	3700	0.02165685	0.113927744	0.013845825	0.11834329
38	3800	0.016901148	0.114294134	0.011075134	0.11912995
39	3900	0.022877468	0.11490172	0.032851256	0.12207606
40	4000	0.030559724	0.11939038	0.031985473	0.12178782
41	4100	0.023053408	0.13258617	0.030926207	0.11850943
42	4200	0.020426203	0.11070221	0.036199033	0.11568794
43	4300	0.020815996	0.11136232	0.014067993	0.1155008
44	4400	0.022148155	0.10139246	0.011049194	0.11232472
45	4500	0.026356647	0.13054833	0.02958313	0.11576489
46	4600	0.024456156	0.11469663	0.030417785	0.11172687
47	4700	0.019393807	0.113251224	0.02420166	0.10889662
48	4800	0.022399329	0.10570418	0.021607665	0.11341393
49	4900	0.035554424	0.13215387	0.010731201	0.11098513
50	5000	0.014308022	0.11408827	0.0118927	0.109113246
51	5100	0.018832276	0.102660805	0.016315918	0.10984598
52	5200	0.018998181	0.13111576	0.023895873	0.108514465
53	5300	0.014098307	0.12077606	0.013093261	0.107895136
54	5400	0.021923037	0.12558156	0.008311157	0.11510912
55	5500	0.013981154	0.11036594	0.010358887	0.10676475
56	5600	0.03463404	0.099636555	0.018947754	0.10666717
57	5700	0.018763507	0.11638228	0.016166076	0.11826905
58	5800	0.016464533	0.103488185	0.009741516	0.107598454
59	5900	0.034355447	0.11287554	0.055733033	0.105443366
60	6000	0.0205034	0.101958774	0.008198547	0.10497374
61	6100	0.01951968	0.118697844	0.008522949	0.10517956
62	6200	0.015635096	0.109945565	0.009757996	0.10594958
63	6300	0.018351438	0.11194362	0.021427613	0.10505866
64	6400	0.029524421	0.124832995	0.04283203	0.102043904
65	6500	0.020259034	0.11011055	0.011584167	0.10294326
66	6600	0.026408866	0.11180377	0.04087494	0.10218657
67	6700	0.010643085	0.09594784	0.010470276	0.10129604
68	6800	0.023846274	0.10436321	0.033423156	0.10751065
69	6900	0.012283348	0.104088895	0.0085742185	0.10109658
70	7000	0.033099983	0.11558755	0.013927612	0.100524314
71	7100	0.021361368	0.09690699	0.02681671	0.103212185
72	7200	0.012333109	0.10404312	0.016153565	0.10035699
73	7300	0.010111714	0.08759316	0.010953674	0.10012473
74	7400	0.013563777	0.104101814	0.009145813	0.09994055
75	7500	0.021773567	0.11215863	0.02377716	0.102314636
76	7600	0.016579494	0.106117584	0.013102417	0.097575836
77	7700	0.012515911	0.09562501	0.008413391	0.09793179
78	7800	0.016430963	0.0951096	0.020038757	0.10099853
79	7900	0.03415496	0.10007372	0.0095578	0.0980674
80	8000	0.018212385	0.111453265	0.008237	0.10194571
81	8100	0.023212481	0.11439059	0.02869873	0.10045469
82	8200	0.024252832	0.10358224	0.028030701	0.10686583
83	8300	0.018649578	0.10094623	0.009614257	0.096910775
84	8400	0.022688221	0.09586254	0.03146179	0.095258735
85	8500	0.019553173	0.104347005	0.03269989	0.10003449
86	8600	0.015024664	0.089876905	0.018428039	0.101303615
87	8700	0.028090661	0.11575261	0.023022765	0.108537644
88	8800	0.023976458	0.106099926	0.035847474	0.09547761
89	8900	0.014779102	0.08435577	0.023771362	0.09408062
90	9000	0.020363797	0.10478336	0.022646483	0.09643333
91	9100	0.017735872	0.10211158	0.031307068	0.095037155
92	9200	0.016766796	0.095712855	0.024457397	0.09321612
93	9300	0.016239842	0.08643459	0.011895142	0.094417065
94	9400	0.013889683	0.0867585	0.006253662	0.0977703
95	9500	0.01990253	0.09368702	0.016526794	0.0948449
96	9600	0.018060172	0.10516266	0.018063353	0.093595065
97	9700	0.012862865	0.098985426	0.0062094117	0.09367411
98	9800	0.014233	0.08516841	0.0055126953	0.09301936
99	9900	0.018090295	0.09248898	0.011567382	0.09384428
100	10000	0.010162904	0.08522582	0.0102380365	0.09341815
101	10100	0.008306507	0.089018434	0.0064617917	0.09524537
102	10200	0.012533222	0.08954005	0.0059545897	0.09278569
103	10300	0.015439248	0.09529219	0.013211975	0.09732766
104	10400	0.015654774	0.09510779	0.00805603	0.091087855
105	10500	0.015246843	0.0970421	0.008947449	0.09455358
106	10600	0.02282466	0.093931794	0.015654601	0.09271622
107	10700	0.017722227	0.103685334	0.013500976	0.10384478
108	10800	0.026801161	0.090043746	0.024411926	0.09051646
109	10900	0.011796388	0.09758278	0.017077941	0.09001207
110	11000	0.017997632	0.08830649	0.019027099	0.0872626
111	11100	0.013918369	0.09268067	0.008955383	0.090454556
112	11200	0.016627647	0.08904757	0.020606384	0.092406474
113	11300	0.022881458	0.08711645	0.043433227	0.09432089
114	11400	0.019116571	0.10575043	0.024998778	0.08999592
115	11500	0.013766464	0.09868635	0.017283324	0.09022261
116	11600	0.033544533	0.102591254	0.030549927	0.09200434
117	11700	0.010694372	0.088672854	0.0071673584	0.091540314
118	11800	0.015356937	0.088753134	0.0133471675	0.08846597
119	11900	0.011549331	0.08807915	0.007016296	0.10165461
120	12000	0.011369681	0.09468864	0.005349121	0.0913874
121	12100	0.02755008	0.097751535	0.042423707	0.08910829
122	12200	0.018555531	0.08893749	0.009683533	0.086790144
123	12300	0.0130138025	0.09488328	0.015377807	0.09359296
124	12400	0.013450333	0.08118698	0.0066171265	0.08709148
125	12500	0.01402384	0.09234559	0.009295044	0.0938627
126	12600	0.008910561	0.09413558	0.013205871	0.09974333
127	12700	0.017788924	0.08623784	0.010967407	0.0882547
128	12800	0.030405017	0.09324719	0.0543161	0.087181605
129	12900	0.010007799	0.07862075	0.0054733274	0.084974505
130	13000	0.029289823	0.08551508	0.01730957	0.094912134
131	13100	0.012723504	0.08706136	0.009223938	0.086554855
132	13200	0.015177939	0.09033535	0.0044622803	0.09318108
133	13300	0.0144502595	0.07704674	0.020729674	0.08620641
134	13400	0.022813996	0.0813676	0.010385437	0.08595422
135	13500	0.010743694	0.086492166	0.017902527	0.08731364
136	13600	0.014658846	0.092046455	0.020505982	0.09048842
137	13700	0.016258063	0.09294641	0.004824524	0.08622569
138	13800	0.0215348	0.09199348	0.013378601	0.08824543
139	13900	0.016854055	0.08734563	0.017883606	0.08947577
140	14000	0.012657946	0.09408468	0.013621216	0.0863472
141	14100	0.015654847	0.09521363	0.02612152	0.08620546
142	14200	0.025989978	0.09112389	0.014685669	0.08471056
143	14300	0.013528426	0.07910983	0.0070202635	0.083941445
144	14400	0.014282868	0.08803246	0.015055236	0.08433274
145	14500	0.025378017	0.09262816	0.011124573	0.08906065
146	14600	0.012482334	0.082966186	0.006799316	0.08484694
147	14700	0.02556666	0.08803017	0.019999083	0.083464526
148	14800	0.014054519	0.08074097	0.012076416	0.081893615
149	14900	0.017408893	0.085192114	0.014706726	0.08825611
150	15000	0.009676452	0.08852925	0.0106689455	0.08466582
151	15100	0.010016265	0.07248971	0.006001892	0.08387008
152	15200	0.009383409	0.08819561	0.0054956055	0.08543515
153	15300	0.01256191	0.080755554	0.005992126	0.0859675
154	15400	0.013787441	0.080125704	0.014535522	0.08783414
155	15500	0.01724148	0.0913963	0.039432067	0.08366238
156	15600	0.013169989	0.07906025	0.008716125	0.08147443
157	15700	0.00899613	0.08588509	0.0053552245	0.082005456
158	15800	0.016279357	0.091095164	0.018531494	0.08297796
159	15900	0.01731253	0.08614552	0.022323914	0.084714875
160	16000	0.013728011	0.08877502	0.010178222	0.08291823
161	16100	0.015148613	0.08480189	0.009587097	0.09624722
162	16200	0.008086083	0.08337107	0.0057479856	0.08274251
163	16300	0.014525479	0.08763638	0.0053518675	0.0835392
164	16400	0.010650641	0.0721775	0.008822632	0.085052654
165	16500	0.012694323	0.09436562	0.01570343	0.08346315
166	16600	0.010516136	0.08142044	0.007945252	0.0851565
167	16700	0.013330759	0.09612272	0.017539673	0.083454564
168	16800	0.009992585	0.08633288	0.0063940426	0.08457426
169	16900	0.008521249	0.08022798	0.004413147	0.08225578
170	17000	0.019624252	0.08585832	0.009937134	0.083795644
171	17100	0.010175283	0.08209099	0.00881134	0.081866995
172	17200	0.011765422	0.088730454	0.007368774	0.0808638
173	17300	0.01840846	0.08584803	0.020868834	0.092043936
174	17400	0.0066894726	0.08273581	0.0061853025	0.0851448
175	17500	0.009687985	0.08140987	0.015326538	0.083320744
176	17600	0.011463941	0.08457825	0.0054507446	0.08620609
177	17700	0.0076764207	0.07275719	0.0089675905	0.08112335
178	17800	0.010365234	0.07426966	0.00812439	0.082684465
179	17900	0.010537286	0.07894467	0.007677002	0.08610555
180	18000	0.01941853	0.09065478	0.017271118	0.08392297
181	18100	0.008015925	0.072103314	0.0068942257	0.08048533
182	18200	0.015571155	0.08547443	0.009110107	0.07856766
183	18300	0.01080731	0.08046544	0.0068463134	0.08168579
184	18400	0.024976114	0.08088185	0.0238974	0.080661446
185	18500	0.016684478	0.08347092	0.014532776	0.08652614
186	18600	0.007841411	0.07581072	0.005711975	0.07969296
187	18700	0.009881014	0.082966015	0.022177733	0.08474138
188	18800	0.023106627	0.08813083	0.021766968	0.083880745
189	18900	0.015932959	0.09296679	0.022193298	0.09299299
190	19000	0.009846913	0.07467514	0.009706115	0.078185126
191	19100	0.015815271	0.076786995	0.019617004	0.08253199
192	19200	0.013921741	0.08193131	0.00612854	0.077747196
193	19300	0.016967284	0.064718165	0.0059564207	0.0786464
194	19400	0.012607555	0.0799506	0.0048660277	0.0780766
195	19500	0.010837863	0.0737511	0.0049276734	0.08019425
196	19600	0.014941579	0.084001355	0.015135803	0.09081112
197	19700	0.017971106	0.09057906	0.032117005	0.08807277
198	19800	0.029729199	0.08551801	0.024144286	0.08867938
199	19900	0.008303364	0.08362235	0.012614136	0.082578756
200	20000	0.009295525	0.07990199	0.011946105	0.078225724
201	20100	0.005491932	0.07533544	0.01020813	0.07879189
202	20200	0.009497062	0.075388774	0.015577393	0.07803585
203	20300	0.015021382	0.07758003	0.012029724	0.078469016
204	20400	0.012864854	0.07114	0.02465515	0.0808803
205	20500	0.014748096	0.0832767	0.01138031	0.08003313
206	20600	0.01569262	0.074956454	0.017564697	0.08680577
207	20700	0.0067963856	0.0771923	0.0074627683	0.07816414
208	20800	0.017683286	0.07244974	0.021242065	0.08123537
209	20900	0.0122927325	0.07575607	0.01247467	0.077880576
210	21000	0.011102081	0.07723851	0.012722778	0.07864511
211	21100	0.010487772	0.075618796	0.014651794	0.07994929
212	21200	0.012741156	0.075719364	0.010778808	0.07878713
213	21300	0.013729138	0.081177354	0.023689575	0.078475185
214	21400	0.023153204	0.08193302	0.028101806	0.07826534
215	21500	0.018309392	0.07443102	0.009098206	0.077954225
216	21600	0.007035855	0.08074871	0.0047540283	0.07807964
217	21700	0.01603056	0.08446051	0.015450134	0.07972034
218	21800	0.016055036	0.08068769	0.027868042	0.07738618
219	21900	0.008552628	0.07794777	0.0063137817	0.07839589
220	22000	0.0098610725	0.09304787	0.0072369385	0.075148195
221	22100	0.010009214	0.07408067	0.0041415403	0.07718178
222	22200	0.021010239	0.08364283	0.03485504	0.079557404
223	22300	0.011811994	0.079959504	0.025576476	0.08093336
224	22400	0.018198458	0.08401798	0.02602478	0.08244072
225	22500	0.01808471	0.0803848	0.0038455199	0.07692462
226	22600	0.014767615	0.08016086	0.014483947	0.075068116
227	22700	0.012306742	0.07994292	0.0132369995	0.074664205
228	22800	0.011603311	0.08482526	0.008195495	0.07813322
229	22900	0.02295612	0.08211491	0.0327182	0.08110648
230	23000	0.007015572	0.068597026	0.0149795525	0.07769895
231	23100	0.012004366	0.08472164	0.0057565304	0.07586278
232	23200	0.0072149117	0.07259447	0.0048135375	0.07793851
233	23300	0.01138039	0.0739306	0.008527221	0.08572975
234	23400	0.014145893	0.081304386	0.005753479	0.08231282
235	23500	0.006580296	0.07444489	0.014859619	0.07700924
236	23600	0.008223539	0.07527849	0.0055010985	0.080191486
237	23700	0.009813432	0.08709231	0.017135926	0.076255076
238	23800	0.010485793	0.08390209	0.009313049	0.07687913
239	23900	0.0073298956	0.07026692	0.005864868	0.075447805
240	24000	0.00782654	0.06956048	0.005531311	0.0746593
241	24100	0.011747718	0.07619869	0.011036072	0.0762691
242	24200	0.008344105	0.07855254	0.005181885	0.07612813
243	24300	0.008103101	0.07416408	0.004416809	0.08007119
244	24400	0.013367618	0.07617324	0.004491272	0.074889965
245	24500	0.009064051	0.070502385	0.0077752685	0.07570295
246	24600	0.009503761	0.069604315	0.014298705	0.07777198
247	24700	0.02388097	0.08168913	0.019707335	0.08361318
248	24800	0.0144655835	0.06642087	0.017882079	0.07404618
249	24900	0.006969264	0.07499986	0.007069702	0.07529289
250	25000	0.0083886115	0.06867908	0.010629272	0.074427955
251	25100	0.016343955	0.078878045	0.028058777	0.076939076
252	25200	0.0052149226	0.07315323	0.008997497	0.07388081
253	25300	0.018993558	0.07594421	0.021536255	0.074264854
254	25400	0.01913919	0.077616446	0.009977112	0.07751625
255	25500	0.010663665	0.083779566	0.017711487	0.07739951
256	25600	0.01277074	0.07707546	0.009022216	0.07360622
257	25700	0.011296277	0.06889509	0.0059402464	0.07647876
258	25800	0.013353551	0.07938479	0.014960632	0.078891404
259	25900	0.02093374	0.081215955	0.0038146973	0.07435049
260	26000	0.0145508805	0.08109344	0.0054547116	0.08089758
261	26100	0.009664191	0.071397334	0.0075497436	0.07399866
262	26200	0.0145741245	0.068301894	0.015309753	0.077020004
263	26300	0.00758663	0.06843601	0.0037664794	0.07600811
264	26400	0.011284685	0.07988357	0.013760376	0.07656548
265	26500	0.010427939	0.0775936	0.015634155	0.0791257
266	26600	0.013910389	0.07669289	0.009015502	0.07753413
267	26700	0.008287623	0.07011466	0.004604492	0.072932154
268	26800	0.008394429	0.08265434	0.015330505	0.07388503
269	26900	0.00870012	0.06765017	0.014937439	0.07297026
270	27000	0.012299186	0.07662474	0.016995238	0.07299188
271	27100	0.005388351	0.06864966	0.0035144042	0.0745312
272	27200	0.009238273	0.07015337	0.0066278074	0.07549203
273	27300	0.017062094	0.07874695	0.004656677	0.08833054
274	27400	0.010089353	0.07020795	0.014674988	0.07413271
275	27500	0.011381223	0.068654045	0.01068634	0.07676051
276	27600	0.007529678	0.06993068	0.013291931	0.0778638
277	27700	0.0064021125	0.074920505	0.007914429	0.07278045
278	27800	0.013515864	0.07261945	0.016708374	0.075479634
279	27900	0.011302633	0.07385039	0.011157837	0.07350269
280	28000	0.010581956	0.07321906	0.004442749	0.07392302
281	28100	0.01234494	0.08312617	0.009246826	0.074783295
282	28200	0.010275847	0.06935535	0.0058343504	0.07395323
283	28300	0.00952691	0.07717227	0.015801696	0.072822146
284	28400	0.01155653	0.07016787	0.003585205	0.0740542
285	28500	0.013305719	0.0725158	0.0059375	0.074769534
286	28600	0.013631932	0.0715411	0.004940185	0.07679228
287	28700	0.008492104	0.07297061	0.006310425	0.07418785
288	28800	0.019842736	0.0745665	0.0044491575	0.073650345
289	28900	0.0076061855	0.086716264	0.006360168	0.07489409
290	29000	0.019249255	0.07136662	0.019423217	0.07690409
291	29100	0.0073518674	0.07729921	0.005137024	0.07698389
292	29200	0.010188642	0.073538624	0.00387146	0.07447458
293	29300	0.010045571	0.07010383	0.025916748	0.07363102
294	29400	0.01170798	0.073583566	0.022933654	0.07645168
295	29500	0.01294522	0.07562676	0.02124237	0.07946601
296	29600	0.0155335935	0.094987504	0.0047601317	0.0784802
297	29700	0.012518516	0.07070361	0.013190308	0.072958544
298	29800	0.008975231	0.07234245	0.01998352	0.07473243
299	29900	0.007905836	0.06888868	0.009997253	0.071305215
300	30000	0.010328974	0.07428163	0.019815978	0.07411144
301	30100	0.015560451	0.07084709	0.0054107667	0.073279634
302	30200	0.008851136	0.073928356	0.004136658	0.07211902
303	30300	0.00799874	0.07545313	0.0059634396	0.07490296
304	30400	0.009563719	0.066373535	0.0040979004	0.07148436
305	30500	0.008255078	0.07209222	0.004597168	0.07237864
306	30600	0.008338052	0.07109322	0.011763915	0.0727691
307	30700	0.022517422	0.07566158	0.030978087	0.07711249
308	30800	0.008741361	0.06971273	0.006132507	0.07223205
309	30900	0.017168965	0.07466303	0.0058450317	0.07435898
310	31000	0.008067725	0.068222165	0.007024231	0.07279434
311	31100	0.009671015	0.06954131	0.013333435	0.07581156
312	31200	0.012526022	0.06892515	0.008401489	0.074440375
313	31300	0.0047620847	0.062349383	0.0047473144	0.07410142
314	31400	0.010775976	0.071293786	0.010381775	0.07413494
315	31500	0.008696305	0.07168574	0.0038980101	0.07548906
316	31600	0.008614076	0.084761776	0.0033584593	0.07612592
317	31700	0.011840942	0.07483393	0.0059246826	0.07219229
318	31800	0.009810331	0.074971445	0.012189636	0.069966406
319	31900	0.0055578477	0.064939156	0.003966064	0.07460015
320	32000	0.015545104	0.06388219	0.014693908	0.07080269
321	32100	0.009437256	0.06632627	0.003450012	0.078101695
322	32200	0.009336471	0.07179266	0.01461914	0.07242565
323	32300	0.011691276	0.079979464	0.0066125486	0.07471518
324	32400	0.009243986	0.07055683	0.0046987915	0.0727106
325	32500	0.009570725	0.06628318	0.004274597	0.07108307
326	32600	0.010572401	0.066558994	0.0039782715	0.07657076
327	32700	0.008270973	0.06957325	0.0039471434	0.07023521
328	32800	0.010584922	0.07035878	0.0034979247	0.07712958
329	32900	0.0066506355	0.06359845	0.006201477	0.07011375
330	33000	0.007666169	0.067193136	0.0056106565	0.07399524
331	33100	0.011823743	0.07601298	0.004385071	0.07186509
332	33200	0.010848616	0.06943357	0.003809509	0.07469916
333	33300	0.010356249	0.07049264	0.0038937377	0.07040409
334	33400	0.008848867	0.0736777	0.012571411	0.07348679
335	33500	0.008135916	0.08089842	0.010966492	0.085203975
336	33600	0.007776136	0.07056707	0.004572449	0.07075191
337	33700	0.0066921976	0.06552999	0.0058224485	0.076486975
338	33800	0.015655858	0.07052779	0.026767578	0.0749505
339	33900	0.006355381	0.071137965	0.009779357	0.07245337
340	34000	0.009119251	0.070233315	0.023138732	0.07650753
341	34100	0.00779134	0.0782505	0.0059436033	0.070765
342	34200	0.0087086	0.06370181	0.010703125	0.0719757
343	34300	0.008522189	0.06593249	0.0049191285	0.07178914
344	34400	0.0071852067	0.070019715	0.0034103394	0.070309415
345	34500	0.008898669	0.06272158	0.0072323605	0.07080725
346	34600	0.007855034	0.07212355	0.0051608277	0.071577206
347	34700	0.017782742	0.07329653	0.023943786	0.07983807
348	34800	0.008227416	0.066525824	0.0068826294	0.07127969
349	34900	0.008943033	0.07820501	0.009538574	0.06955189
350	35000	0.009684275	0.06825757	0.013259888	0.0714999
351	35100	0.013871234	0.06883638	0.019560242	0.071881294
352	35200	0.009496255	0.06936859	0.015494689	0.07072602
353	35300	0.007848101	0.06270234	0.0064736935	0.07483007
354	35400	0.0055389735	0.071222216	0.0051733395	0.07499841
355	35500	0.010120011	0.07830933	0.008387451	0.075603686
356	35600	0.015737511	0.07402597	0.0054345704	0.0731513
357	35700	0.010090595	0.07776221	0.008613891	0.07777273
358	35800	0.007962663	0.06953047	0.0071435547	0.069383435
359	35900	0.009681287	0.06928675	0.013845825	0.07013681
360	36000	0.01751079	0.070070304	0.005686035	0.06928161
361	36100	0.01432741	0.078199856	0.017374573	0.0706299
362	36200	0.006208134	0.059577413	0.012283935	0.07019007
363	36300	0.009004407	0.065425724	0.0053417967	0.07184624
364	36400	0.00785903	0.06957156	0.0129531855	0.07083751
365	36500	0.009727715	0.06389356	0.0034661863	0.07086595
366	36600	0.011867215	0.061597265	0.004665527	0.069192976
367	36700	0.018436547	0.072069936	0.0037594603	0.07119708
368	36800	0.008211958	0.06825898	0.008334351	0.07206285
369	36900	0.011952897	0.069837235	0.008203736	0.073311426
370	37000	0.0057904017	0.063141525	0.0044787596	0.069383025
371	37100	0.0097672455	0.060206123	0.0072732545	0.06950214
372	37200	0.010717462	0.066514604	0.012391662	0.06991109
373	37300	0.009381216	0.068300985	0.0038623046	0.06945985
374	37400	0.0068933885	0.0658433	0.0032769775	0.07068279
375	37500	0.0072940863	0.06724405	0.0072552487	0.07126621
376	37600	0.0044649974	0.064745575	0.0057284543	0.07210777
377	37700	0.018149676	0.06557995	0.029606018	0.071191594
378	37800	0.01861078	0.06771909	0.020032654	0.07053666
379	37900	0.009188223	0.0657641	0.006978149	0.069768116
380	38000	0.008272843	0.064642176	0.003323364	0.07079915
381	38100	0.006361925	0.07201795	0.0051214597	0.07223298
382	38200	0.013684601	0.06410559	0.014754028	0.06986358
383	38300	0.009773496	0.07870932	0.0039172363	0.06814929
384	38400	0.0066652806	0.06670547	0.006763916	0.06878936
385	38500	0.011773708	0.06352511	0.0077911373	0.06972426
386	38600	0.009310942	0.0681195	0.008950195	0.06791579
387	38700	0.0076176655	0.06719913	0.003977966	0.07369381
388	38800	0.006654309	0.063360035	0.002729492	0.068750784
389	38900	0.006843551	0.06668184	0.00814392	0.06931976
390	39000	0.0072944495	0.06997694	0.005024414	0.07176018
391	39100	0.011230805	0.06408823	0.017045898	0.069937676
392	39200	0.00564811	0.06547823	0.0035397338	0.06739419
393	39300	0.009237596	0.07128264	0.003948059	0.07475623
394	39400	0.0096358005	0.06625576	0.017555846	0.07305597
395	39500	0.009847943	0.069542	0.009107666	0.06964566
396	39600	0.0065016462	0.059417453	0.010240173	0.07120769
397	39700	0.008250562	0.071962416	0.0046838378	0.06781128
398	39800	0.011471295	0.07131941	0.007880554	0.0719088
399	39900	0.0073749167	0.06672182	0.0039816285	0.067173496
400	40000	0.009064761	0.069689736	0.018083801	0.07630026
401	40100	0.008381966	0.05881189	0.012218628	0.069620565
402	40200	0.011457184	0.06627548	0.007215576	0.07256944
403	40300	0.005424508	0.0593317	0.0038430786	0.068791896
404	40400	0.008467323	0.07707458	0.0076647946	0.08127534
405	40500	0.0058941944	0.06900222	0.0045303344	0.06820648
406	40600	0.008668079	0.06473016	0.0062499996	0.07098882
407	40700	0.008944661	0.0802033	0.011098938	0.07564028
408	40800	0.0060284073	0.063292034	0.0054031373	0.07114716
409	40900	0.010837673	0.060980562	0.008261719	0.06896161
410	41000	0.006728659	0.07659232	0.004541931	0.067524105
411	41100	0.011149256	0.06981378	0.0030630492	0.069986396
412	41200	0.008882567	0.06319308	0.009430847	0.06802854
413	41300	0.011379876	0.06901271	0.002496643	0.06786727
414	41400	0.014348356	0.062232655	0.016729737	0.06975123
415	41500	0.0075969063	0.056870475	0.0049511716	0.0677528
416	41600	0.016462967	0.06240417	0.016504517	0.06843798
417	41700	0.01289063	0.068538986	0.007276611	0.07668118
418	41800	0.0064870226	0.061531875	0.008742371	0.0685691
419	41900	0.006734241	0.06452809	0.008664856	0.067824535
420	42000	0.0063691563	0.06128498	0.0067111203	0.06924534
421	42100	0.0115467915	0.06959722	0.0036331175	0.070389144
422	42200	0.007825191	0.07006487	0.0025595091	0.07203379
423	42300	0.0066178874	0.065872826	0.006845703	0.06945666
424	42400	0.0102068	0.062302705	0.0053381347	0.068182215
425	42500	0.011807781	0.0634823	0.0190979	0.06772626
426	42600	0.009475313	0.06489221	0.0042498778	0.06937464
427	42700	0.007943065	0.06555394	0.004724426	0.06974205
428	42800	0.0059222262	0.0636124	0.0037597655	0.06648821
429	42900	0.007873087	0.06981261	0.016992187	0.06873982
430	43000	0.008024554	0.06699052	0.012220154	0.06842768
431	43100	0.007713312	0.07052227	0.0033825682	0.06840169
432	43200	0.010527171	0.07521082	0.037110593	0.07866461
433	43300	0.008736472	0.06503991	0.0057159425	0.06765214
434	43400	0.008165358	0.06469214	0.0040704343	0.070395894
435	43500	0.012409428	0.07086843	0.018602904	0.07794769
436	43600	0.0069825253	0.062762015	0.00473938	0.07260976
437	43700	0.0085860435	0.070335284	0.009803161	0.07513244
438	43800	0.006326192	0.065143004	0.0026318359	0.06722324
439	43900	0.0093565835	0.06845447	0.014051208	0.06892136
440	44000	0.0050019883	0.05807282	0.0050720214	0.06798489
441	44100	0.012811388	0.060689412	0.007911987	0.066821955
442	44200	0.011139128	0.06681628	0.008772583	0.07169652
443	44300	0.0046601347	0.063845746	0.009927368	0.06645762
444	44400	0.00698239	0.07276065	0.01132904	0.06770099
445	44500	0.005465396	0.062292583	0.003779602	0.06900456
446	44600	0.011645073	0.06532196	0.019328613	0.06714427
447	44700	0.0067771864	0.064642064	0.002666626	0.06926954
448	44800	0.007819835	0.061926782	0.0048809815	0.06984365
449	44900	0.013420507	0.06399369	0.009569397	0.07139128
450	45000	0.009265322	0.06663754	0.0064157103	0.07157335
451	45100	0.0061493516	0.06388599	0.01733551	0.067141086
452	45200	0.008351262	0.06912269	0.005494995	0.06668295
453	45300	0.0065410333	0.062415462	0.0057769776	0.071247004
454	45400	0.007869458	0.0666537	0.0056958008	0.067792445
455	45500	0.009177861	0.07023181	0.010922241	0.07114367
456	45600	0.005242697	0.0678262	0.0031054686	0.07090963
457	45700	0.010864732	0.06549428	0.0067056273	0.06720126
458	45800	0.008361404	0.060791552	0.0025607299	0.06802433
459	45900	0.009176407	0.063771196	0.0062078857	0.06952918
460	46000	0.00739745	0.0635332	0.005918884	0.06999664
461	46100	0.009434642	0.061449677	0.00667572	0.07121742
462	46200	0.0050730957	0.05946661	0.003923645	0.06930377
463	46300	0.008232251	0.06709113	0.004319458	0.06908873
464	46400	0.011397125	0.06641902	0.00871521	0.06734008
465	46500	0.0076560434	0.0626553	0.0063491818	0.066985816
466	46600	0.0050524212	0.06560872	0.0026419067	0.06750617
467	46700	0.0071931183	0.06126408	0.004625549	0.066296615
468	46800	0.008250721	0.060197975	0.013269653	0.06661962
469	46900	0.008396505	0.05581372	0.018021239	0.06520222
470	47000	0.011983703	0.065047875	0.008325195	0.06663311
471	47100	0.00659288	0.07096522	0.015875854	0.06591799
472	47200	0.0091023	0.063119896	0.0031369019	0.066857204
473	47300	0.0096558705	0.059144013	0.011052246	0.06589924
474	47400	0.008643662	0.06815415	0.007365112	0.070176475
475	47500	0.004747608	0.060220443	0.0030456542	0.06518715
476	47600	0.006115249	0.06459971	0.0059829713	0.06871402
477	47700	0.0068403897	0.06119504	0.0058587645	0.06620876
478	47800	0.005988833	0.067563936	0.0034280394	0.06631865
479	47900	0.0069790618	0.06082751	0.0039981077	0.06632087
480	48000	0.0060441187	0.064289376	0.0071295165	0.06777797
481	48100	0.0035576075	0.054505024	0.004853821	0.0668531
482	48200	0.0048071095	0.06162833	0.0029696655	0.06792975
483	48300	0.006587595	0.060589496	0.00817688	0.06585262
484	48400	0.006798249	0.06310197	0.005323181	0.06645535
485	48500	0.008826228	0.063527934	0.004000854	0.06687291
486	48600	0.012720831	0.05845371	0.0049310303	0.06674086
487	48700	0.007578008	0.05519479	0.005184326	0.06849621
488	48800	0.011069658	0.059854124	0.0087533565	0.065791525
489	48900	0.004874989	0.06520388	0.0048367307	0.0665083
490	49000	0.0070707332	0.06518586	0.0029241943	0.066899635
491	49100	0.0094894925	0.057809893	0.019744568	0.06675088
492	49200	0.008298958	0.06468729	0.0060971067	0.064670004
493	49300	0.008631927	0.06343873	0.002835388	0.06551604
494	49400	0.011019509	0.05942265	0.003578491	0.0663042
495	49500	0.0074658985	0.05776133	0.006907959	0.06658309
496	49600	0.007118892	0.06516729	0.006775818	0.06986471
497	49700	0.011886097	0.06600274	0.007393799	0.06818256
498	49800	0.007783778	0.06025033	0.008572693	0.06753982
499	49900	0.009834549	0.067749545	0.002680664	0.06663937
500	50000	0.0046043405	0.058860026	0.0036541747	0.06781392
501	50100	0.009119217	0.06027597	0.01049652	0.06628114
502	50200	0.0053769867	0.06670151	0.0066345213	0.06812758
503	50300	0.0046621095	0.059106212	0.003458252	0.06815324
504	50400	0.0053244606	0.055788726	0.0024536133	0.06558739
505	50500	0.008194868	0.06356038	0.015116882	0.06622672
506	50600	0.010073013	0.06450734	0.01091156	0.06543806
507	50700	0.0052582743	0.061671972	0.0048861695	0.06495685
508	50800	0.0076718293	0.07001617	0.016683655	0.06906428
509	50900	0.006690213	0.062086042	0.005700378	0.06700127
510	51000	0.004938717	0.055374373	0.004010925	0.06642082
511	51100	0.0038694402	0.054962594	0.0022915648	0.0684387
512	51200	0.0067994725	0.06427522	0.008485108	0.06665303
513	51300	0.013963377	0.067447454	0.015800476	0.06861313
514	51400	0.004465568	0.057839457	0.008953857	0.06656531
515	51500	0.0061713504	0.06720026	0.004804077	0.06711832
516	51600	0.0051917974	0.06201192	0.0032546995	0.06663749
517	51700	0.0059214965	0.06435883	0.0032376098	0.067707226
518	51800	0.008301131	0.06515492	0.013428344	0.06672619
519	51900	0.0054500937	0.06298109	0.003079834	0.065836124
520	52000	0.007287042	0.058788	0.0034954834	0.065851964
521	52100	0.0074012848	0.06083529	0.009439087	0.0651297
522	52200	0.0044404557	0.061363444	0.0032058714	0.064813875
523	52300	0.0066623515	0.062067986	0.0033535766	0.06570647
524	52400	0.0032821526	0.060412478	0.002340393	0.06596987
525	52500	0.00711057	0.061688114	0.008814392	0.06518652
526	52600	0.0067264694	0.059010237	0.008995972	0.06438665
527	52700	0.006942689	0.070564404	0.0072073364	0.0648918
528	52800	0.0048864065	0.061164536	0.0029437256	0.06491823
529	52900	0.010321896	0.05907335	0.0134210205	0.07017158
530	53000	0.009848589	0.060559917	0.0046542357	0.06796694
531	53100	0.008260723	0.06317718	0.016193848	0.0652665
532	53200	0.012820067	0.06537688	0.003887329	0.07427013
533	53300	0.009386509	0.067977406	0.006352844	0.064528644
534	53400	0.008591939	0.06949125	0.018618163	0.06549784
535	53500	0.005738328	0.058472004	0.004542236	0.06514707
536	53600	0.0067829173	0.067643605	0.0024856566	0.065226346
537	53700	0.0050017857	0.06123158	0.0027297973	0.065077625
538	53800	0.0077680354	0.062849276	0.0058435057	0.0657358
539	53900	0.0034348094	0.061139256	0.002977905	0.068031475
540	54000	0.0060632452	0.05868133	0.003074646	0.06669042
541	54100	0.008279201	0.06083276	0.00452301	0.06561952
542	54200	0.004332617	0.05780341	0.0024609375	0.06451169
543	54300	0.011916832	0.05998206	0.0027822875	0.06483359
544	54400	0.006282708	0.057208534	0.010614319	0.06663557
545	54500	0.005858185	0.058490776	0.00408905	0.06580292
546	54600	0.006493334	0.058430683	0.009208374	0.06344427
547	54700	0.007079475	0.06301329	0.003991394	0.065579
548	54800	0.0062973425	0.05632642	0.0026275634	0.06633291
549	54900	0.008601825	0.0605305	0.0025683593	0.06870574
550	55000	0.008366624	0.060080476	0.004340515	0.063973084
551	55100	0.0031676101	0.060167197	0.002514038	0.06680538
552	55200	0.010015164	0.057264272	0.007838135	0.06430643
553	55300	0.004638279	0.059085056	0.0030151366	0.06615066
554	55400	0.011768075	0.06551456	0.0044387816	0.06528412
555	55500	0.006668416	0.06032861	0.003243103	0.06681218
556	55600	0.008846333	0.058523886	0.011092834	0.06371707
557	55700	0.008792115	0.059376523	0.0033239746	0.06526487
558	55800	0.005633706	0.058891017	0.002428894	0.065394476
559	55900	0.008519812	0.0629134	0.011528625	0.06365639
560	56000	0.0053006867	0.0629119	0.0043759155	0.06476461
561	56100	0.008735792	0.065258056	0.010469055	0.06590915
562	56200	0.0068769297	0.06148072	0.009700317	0.06496167
563	56300	0.007644587	0.05629958	0.014920654	0.06635564
564	56400	0.0051002563	0.056126315	0.0024206543	0.0642008
565	56500	0.005359198	0.06003381	0.008200988	0.06373244
566	56600	0.0112113785	0.068204716	0.009925231	0.06362272
567	56700	0.004699651	0.057774693	0.005986328	0.06457458
568	56800	0.0050245454	0.06184567	0.009796143	0.06342932
569	56900	0.006485985	0.058590256	0.01136322	0.064879924
570	57000	0.006893753	0.061616816	0.004336853	0.06470441
571	57100	0.0048158695	0.06324293	0.006498413	0.0643873
572	57200	0.010192946	0.06535714	0.003036499	0.06827761
573	57300	0.006513042	0.06031498	0.0051013185	0.06542787
574	57400	0.006252972	0.06692987	0.0067276	0.069981314
575	57500	0.005906094	0.061393343	0.011480712	0.06514554
576	57600	0.0053656055	0.06264183	0.0032061767	0.064034276
577	57700	0.0032607159	0.05565577	0.004111633	0.06597615
578	57800	0.0053379987	0.055165403	0.011579284	0.06500722
579	57900	0.007225033	0.06169502	0.003154602	0.06579456
580	58000	0.0035136428	0.052129325	0.002734375	0.06576417
581	58100	0.01356645	0.067549855	0.015778197	0.06736123
582	58200	0.0042079356	0.058415726	0.0033605956	0.06377473
583	58300	0.009427058	0.06834058	0.0025927734	0.065346956
584	58400	0.0053361584	0.06385965	0.0028634642	0.06617686
585	58500	0.00789044	0.056429096	0.007965088	0.06561375
586	58600	0.004184161	0.061597176	0.002564392	0.0664543
587	58700	0.005035441	0.06387458	0.006009216	0.062877856
588	58800	0.008053104	0.067563295	0.009894409	0.064611085
589	58900	0.0067755613	0.062076487	0.0117214965	0.065646626
590	59000	0.0041156383	0.05823705	0.004305725	0.063828476
591	59100	0.005560328	0.05930727	0.003659668	0.06481886
592	59200	0.0060133017	0.06398486	0.0070269774	0.06482719
593	59300	0.008586904	0.06311351	0.012184753	0.071989134
594	59400	0.0066592637	0.059625763	0.007394409	0.064387456
595	59500	0.0054526855	0.06431099	0.0037249755	0.07038759
596	59600	0.0052837753	0.06057829	0.0037222288	0.064138934
597	59700	0.008883864	0.05805236	0.0045968625	0.064009525
598	59800	0.006989804	0.06381684	0.011924438	0.06439286
599	59900	0.0069015855	0.060458798	0.003432617	0.064596534
600	60000	0.0046052937	0.060523566	0.008812866	0.063414045
601	60100	0.0068905577	0.061709356	0.006190796	0.0632258
602	60200	0.0047433428	0.05637424	0.0027511597	0.06412883
603	60300	0.008495857	0.061414238	0.0088980105	0.065207854
604	60400	0.004636154	0.06274889	0.00954834	0.066805735
605	60500	0.008152906	0.06232092	0.008678894	0.06547862
606	60600	0.004309778	0.055153377	0.0033047486	0.06456692
607	60700	0.0054714177	0.06573647	0.007855834	0.06558829
608	60800	0.0060118893	0.06550063	0.0067401123	0.0688981
609	60900	0.0084342165	0.062815696	0.010883484	0.0644384
610	61000	0.0061224666	0.062409543	0.0032305908	0.064657204
611	61100	0.0071330615	0.060030643	0.005627441	0.063665524
612	61200	0.0056542703	0.06388256	0.0026498414	0.06402298
613	61300	0.008627744	0.061894007	0.007835998	0.065829955
614	61400	0.0065237475	0.056961723	0.002739563	0.06581246
615	61500	0.008785654	0.06348007	0.008244018	0.06723466
616	61600	0.0059854537	0.057086095	0.010259094	0.065674245
617	61700	0.006241637	0.062119182	0.0023477173	0.06335149
618	61800	0.008455725	0.06295104	0.006706848	0.065065905
619	61900	0.008025419	0.058586683	0.008570251	0.06357241
620	62000	0.0076989294	0.058724932	0.0027838135	0.06388444
621	62100	0.005271761	0.060441345	0.00387146	0.063406974
622	62200	0.0050572096	0.06267613	0.0055221557	0.06513898
623	62300	0.0058356184	0.063181855	0.0039962768	0.063078344
624	62400	0.0055817044	0.055562414	0.0027777099	0.06366186
625	62500	0.006606798	0.056510847	0.01340332	0.06483887
626	62600	0.0044727833	0.06572577	0.0024108887	0.067279324
627	62700	0.009332945	0.058648173	0.012412414	0.062438067
628	62800	0.0053563328	0.061208725	0.0027853393	0.062997706
629	62900	0.004821992	0.064912714	0.0038568114	0.062349398
630	63000	0.0033031527	0.05710064	0.005014343	0.06312418
631	63100	0.007509044	0.059170593	0.005038452	0.06321588
632	63200	0.0038973286	0.060063664	0.0025479125	0.064315215
633	63300	0.005356186	0.05566679	0.0025238036	0.06394892
634	63400	0.0049556387	0.061852727	0.0040267943	0.06276429
635	63500	0.008923149	0.060432915	0.014737854	0.065563366
636	63600	0.0060302983	0.060152642	0.0034439086	0.06921655
637	63700	0.007383371	0.058803726	0.010659484	0.063584216
638	63800	0.003600975	0.056691892	0.0032284546	0.062804244
639	63900	0.008781115	0.058560118	0.00986023	0.06378201
640	64000	0.0053937854	0.05856651	0.00431427	0.06462986
641	64100	0.004242647	0.060139805	0.004718628	0.062207017
642	64200	0.004504229	0.055683047	0.0030963134	0.063384145
643	64300	0.0064480384	0.058121026	0.003910217	0.062511
644	64400	0.010176485	0.06413544	0.009845886	0.06676074
645	64500	0.0032477337	0.05501128	0.0054095457	0.0625713
646	64600	0.0061627943	0.06405688	0.0061404416	0.063502066
647	64700	0.0045187674	0.059550613	0.0054559326	0.06646856
648	64800	0.008216499	0.061519872	0.002653198	0.062705845
649	64900	0.0064732656	0.061193034	0.007065735	0.062815584
650	65000	0.0060007963	0.056483023	0.0027423096	0.06285497
651	65100	0.0057137827	0.061983395	0.0028463744	0.062904716
652	65200	0.0062337457	0.054481473	0.00962799	0.06269652
653	65300	0.009428506	0.055254366	0.011746521	0.06446435
654	65400	0.0036005066	0.0519511	0.0024713133	0.06363487
655	65500	0.00473193	0.06058567	0.0044610593	0.06295009
656	65600	0.0070708273	0.06091753	0.013745727	0.06478386
657	65700	0.009445761	0.05824065	0.00651947	0.062592305
658	65800	0.006915952	0.05120847	0.009264831	0.06478526
659	65900	0.006062539	0.063363336	0.01324707	0.067796975
660	66000	0.0060397363	0.05914203	0.008087768	0.06214512
661	66100	0.0073635248	0.060072187	0.008655701	0.063193776
662	66200	0.0040279357	0.058336366	0.0044039916	0.063604765
663	66300	0.009220992	0.06236569	0.017608032	0.06461166
664	66400	0.0070690783	0.06025219	0.004564209	0.06697639
665	66500	0.0071700793	0.05625084	0.004623413	0.062327657
666	66600	0.006073319	0.05419597	0.0030154418	0.06250751
667	66700	0.004662353	0.06244385	0.005953674	0.0637507
668	66800	0.004243749	0.051506594	0.0049591064	0.06290492
669	66900	0.003690485	0.060342863	0.002284851	0.065174915
670	67000	0.011820444	0.055227086	0.008650512	0.06264186
671	67100	0.0067665866	0.05366507	0.0028848266	0.06186447
672	67200	0.007061238	0.0650626	0.0037261962	0.068466924
673	67300	0.008721999	0.06489758	0.007125549	0.067031786
674	67400	0.0026164735	0.05698388	0.0024621582	0.06172122
675	67500	0.003642126	0.06062289	0.0025506592	0.061507132
676	67600	0.0033767952	0.052800488	0.002185974	0.06383893
677	67700	0.0053926525	0.058827024	0.006757202	0.063858256
678	67800	0.004544184	0.053669546	0.009289551	0.062460452
679	67900	0.0069272094	0.056641445	0.004728088	0.062749706
680	68000	0.0070494474	0.059844617	0.005483398	0.062811986
681	68100	0.005914687	0.056685742	0.0053137206	0.062740035
682	68200	0.004267257	0.05374979	0.0030596922	0.06310994
683	68300	0.006378023	0.063160874	0.0030346678	0.062312752
684	68400	0.010646	0.06154157	0.011078185	0.06189987
685	68500	0.009726297	0.057931025	0.016953124	0.06345377
686	68600	0.004613034	0.059965186	0.006676025	0.06430629
687	68700	0.004435715	0.05297745	0.004312439	0.06314534
688	68800	0.004387814	0.057740003	0.0061486815	0.062088978
689	68900	0.0037565168	0.056412213	0.002258606	0.062940404
690	69000	0.0087775495	0.05553793	0.004260559	0.06278485
691	69100	0.0055790427	0.058710963	0.004544067	0.062156547
692	69200	0.0073370375	0.055285215	0.012580566	0.06274602
693	69300	0.003614195	0.060609788	0.002281189	0.06350397
694	69400	0.0056158653	0.06220345	0.0092242425	0.06769523
695	69500	0.003643082	0.055349898	0.0032626342	0.06255548
696	69600	0.0053916248	0.05510278	0.0028381348	0.06446785
697	69700	0.0058218935	0.056756005	0.0065301512	0.06341281
698	69800	0.0033379984	0.054406106	0.0059942626	0.063048966
699	69900	0.008120175	0.06226662	0.007899475	0.063569
700	70000	0.0057814303	0.048520606	0.0029937744	0.06200941
701	70100	0.0054537756	0.06377218	0.008054199	0.06138355
702	70200	0.004774747	0.052664552	0.00440979	0.063018836
703	70300	0.0037572312	0.059293237	0.004273987	0.06182402
704	70400	0.00457994	0.062395487	0.0029708862	0.062141612
705	70500	0.0049935537	0.05418293	0.0025680542	0.062765144
706	70600	0.0072204676	0.05717878	0.0056533813	0.06179103
707	70700	0.004128207	0.058415245	0.0058636474	0.06275679
708	70800	0.0067533804	0.067936525	0.0028625487	0.061970048
709	70900	0.00657024	0.06700389	0.0044195554	0.06526673
710	71000	0.003330915	0.06001797	0.0018688964	0.065161735
711	71100	0.0052884207	0.057021245	0.0069641112	0.061776325
712	71200	0.0029564796	0.054233443	0.0023599244	0.062142503
713	71300	0.0041839955	0.05949744	0.0023431396	0.06320205
714	71400	0.0042359796	0.061425664	0.01079773	0.06212305
715	71500	0.005946255	0.060560793	0.012423095	0.062403034
716	71600	0.00571948	0.05804523	0.0050323484	0.06180721
717	71700	0.005957017	0.05796405	0.004221191	0.0629608
718	71800	0.004466592	0.051333282	0.003309326	0.061859243
719	71900	0.0058111334	0.056360785	0.0033633423	0.06468905
720	72000	0.005573639	0.056459513	0.0045239255	0.062169045
721	72100	0.004966707	0.05724078	0.0042153927	0.062133558
722	72200	0.00730327	0.05895811	0.007834473	0.06615843
723	72300	0.006312851	0.05559645	0.0075305174	0.06341709
724	72400	0.004722418	0.050155826	0.0075274655	0.061690155
725	72500	0.0034622697	0.05735973	0.0026409912	0.062593676
726	72600	0.0030060431	0.061805073	0.0022424315	0.061813414
727	72700	0.003600414	0.05530989	0.002789917	0.061687645
728	72800	0.0036162238	0.05533371	0.0020254515	0.063076414
729	72900	0.0038926594	0.060311735	0.00371521	0.06127857
730	73000	0.004484859	0.061184704	0.007125549	0.06285067
731	73100	0.0039101667	0.061017055	0.003361206	0.06261422
732	73200	0.006649039	0.05713235	0.0031533812	0.062380247
733	73300	0.0053085624	0.061926994	0.002823181	0.062413123
734	73400	0.004360823	0.059926376	0.0055618286	0.06182912
735	73500	0.004274464	0.058851603	0.0056915283	0.06346642
736	73600	0.0064541036	0.058913287	0.008769531	0.06284208
737	73700	0.0062596826	0.059180453	0.0033251953	0.064422056
738	73800	0.006643446	0.0566797	0.0040234374	0.061562072
739	73900	0.004341231	0.056010693	0.009061584	0.061603606
740	74000	0.004495561	0.055561077	0.004554138	0.06229579
741	74100	0.0045858165	0.05781451	0.0069021606	0.06338617
742	74200	0.0043324092	0.059852485	0.002498474	0.06181238
743	74300	0.005209483	0.056536727	0.004196167	0.061623227
744	74400	0.006658836	0.054800194	0.008164368	0.06301522
745	74500	0.008574557	0.058483798	0.014049072	0.062009912
746	74600	0.0045945826	0.056981806	0.0030133056	0.060816865
747	74700	0.0069594695	0.055171315	0.006937561	0.06138191
748	74800	0.0049801976	0.058955543	0.0032595824	0.062205568
749	74900	0.003555015	0.05773791	0.0051885983	0.06421246
750	75000	0.00901689	0.06414302	0.020477904	0.064743094
751	75100	0.0041265176	0.053985834	0.00516571	0.061348602
752	75200	0.0047229175	0.059514664	0.007677307	0.061858226
753	75300	0.0054692365	0.060478687	0.0031314087	0.06105841
754	75400	0.0056012482	0.059080474	0.0036282348	0.062125992
755	75500	0.0067873723	0.054821394	0.0059039304	0.063347824
756	75600	0.005053166	0.058662537	0.0046640015	0.06097372
757	75700	0.004378715	0.052684918	0.0025772094	0.061070636
758	75800	0.004615591	0.055859637	0.007948303	0.061909165
759	75900	0.0026580836	0.053220663	0.0021780394	0.0611777
760	76000	0.00631667	0.063688755	0.0045007323	0.062988825
761	76100	0.0073492867	0.056982446	0.0055114743	0.06289652
762	76200	0.0029465512	0.05119422	0.004257202	0.063029476
763	76300	0.004958654	0.054994017	0.0020999145	0.060952056
764	76400	0.005666784	0.054116406	0.002868347	0.062127586
765	76500	0.0076523037	0.05602854	0.009401245	0.064035
766	76600	0.005238403	0.055400763	0.0026873779	0.060943596
767	76700	0.0072661904	0.054619614	0.012605895	0.06202515
768	76800	0.008264254	0.054779876	0.002475891	0.061501626
769	76900	0.0034895362	0.051898815	0.002236328	0.06094173
770	77000	0.004106775	0.052065447	0.004293518	0.061717317
771	77100	0.004304767	0.052008964	0.0033816528	0.060607895
772	77200	0.0052526766	0.05468123	0.009076538	0.06132792
773	77300	0.0044040675	0.05603472	0.0020846557	0.06181468
774	77400	0.0035999701	0.05393994	0.0024227905	0.061549388
775	77500	0.006410354	0.056874603	0.00272583	0.06042639
776	77600	0.003151128	0.056543313	0.003177185	0.061224718
777	77700	0.0050417637	0.05864884	0.00328125	0.061675597
778	77800	0.006045589	0.06179607	0.0070706178	0.061595716
779	77900	0.0043273713	0.050124016	0.0050424193	0.061500266
780	78000	0.00810496	0.062239606	0.0024465942	0.060324907
781	78100	0.004572912	0.05795127	0.0036456299	0.06106665
782	78200	0.0032832655	0.050937854	0.0045703123	0.060540922
783	78300	0.0053511374	0.054165218	0.0045019533	0.062230363
784	78400	0.0054697646	0.05619792	0.0030761717	0.060991075
785	78500	0.00424027	0.059363272	0.00684021	0.06301353
786	78600	0.005339598	0.056808848	0.003708496	0.06086351
787	78700	0.0068296455	0.051434375	0.008161316	0.06346666
788	78800	0.003846224	0.056760952	0.0029354857	0.061328422
789	78900	0.010693039	0.0572909	0.004729919	0.061256357
790	79000	0.0033989055	0.054777127	0.0024520874	0.06306745
791	79100	0.0063495776	0.061495308	0.0065658567	0.0618225
792	79200	0.0059916633	0.05516661	0.0048480225	0.061248794
793	79300	0.004642647	0.054007515	0.0025009154	0.06135763
794	79400	0.004195076	0.055019546	0.002823181	0.06363782
795	79500	0.0036108925	0.05637604	0.003168335	0.061582435
796	79600	0.0072580148	0.062226508	0.0033581543	0.06080312
797	79700	0.0058279214	0.055800967	0.006976318	0.06173784
798	79800	0.004926027	0.053799625	0.0068206787	0.061919253
799	79900	0.0075640795	0.057444435	0.007923889	0.062453438
800	80000	0.004176843	0.053391434	0.00427948	0.061229054
801	80100	0.0074258517	0.061880678	0.0061123655	0.06044383
802	80200	0.0060047135	0.053470064	0.004326477	0.06301508
803	80300	0.0058099492	0.05653038	0.0031289672	0.060560197
804	80400	0.004579586	0.053315666	0.0040908814	0.06142056
805	80500	0.0077926214	0.05064853	0.0071905516	0.06082252
806	80600	0.0040267278	0.05913066	0.0026626587	0.06253328
807	80700	0.0075169546	0.056699637	0.0048742676	0.0606485
808	80800	0.0040380834	0.053251125	0.004151306	0.06017796
809	80900	0.0054407273	0.054104738	0.009724121	0.061067205
810	81000	0.0032481083	0.052575935	0.004441528	0.06031157
811	81100	0.0061524278	0.0536061	0.009450073	0.06167199
812	81200	0.0046132565	0.05425319	0.0023852538	0.06131418
813	81300	0.003700046	0.05412593	0.004637451	0.06276126
814	81400	0.0031973948	0.05255499	0.0041781617	0.061793737
815	81500	0.00561357	0.051416196	0.002654724	0.062183373
816	81600	0.004849804	0.05524643	0.0030786132	0.060283348
817	81700	0.0035038083	0.053284515	0.002302246	0.060559895
818	81800	0.004943997	0.05853565	0.006012573	0.061230022
819	81900	0.003906417	0.05555209	0.008093567	0.061623953
820	82000	0.005592957	0.055496845	0.004022522	0.060928177
821	82100	0.0073432806	0.060794692	0.0033642577	0.06417154
822	82200	0.0042393715	0.052179478	0.0043344116	0.060730666
823	82300	0.0042650867	0.051610485	0.0026022338	0.060721043
824	82400	0.0054053944	0.06257044	0.0053051757	0.06206503
825	82500	0.0026366585	0.052478336	0.0029177857	0.061781492
826	82600	0.00828463	0.056035448	0.015246581	0.060415227
827	82700	0.0051046754	0.058251854	0.0023031617	0.060382053
828	82800	0.005448334	0.053321883	0.006347351	0.061223995
829	82900	0.0045913258	0.050009355	0.00419281	0.06031501
830	83000	0.0040867124	0.060022768	0.0060272217	0.060854755
831	83100	0.0038794056	0.05751709	0.005534668	0.061123863
832	83200	0.0054804836	0.05409567	0.0024060057	0.060973812
833	83300	0.005453318	0.059029873	0.0063064573	0.06213766
834	83400	0.0038709359	0.05729646	0.0028845214	0.061361093
835	83500	0.004102707	0.052381072	0.008183594	0.06070491
836	83600	0.0034732486	0.053642042	0.0038452148	0.062960975
837	83700	0.0028997099	0.053791687	0.0034613037	0.061234884
838	83800	0.0033838346	0.055406373	0.0059017944	0.060966406
839	83900	0.004486801	0.05672779	0.0020059203	0.060219318
840	84000	0.006661971	0.053207386	0.0059832763	0.06047518
841	84100	0.0056908852	0.053917617	0.004567566	0.064483464
842	84200	0.004902186	0.05510481	0.001889038	0.061252587
843	84300	0.0030316196	0.05425728	0.0038656616	0.06145795
844	84400	0.004542933	0.053650815	0.0038488768	0.060524054
845	84500	0.008442021	0.05414691	0.01061615	0.060688894
846	84600	0.0046168407	0.053545684	0.0061605833	0.060331475
847	84700	0.0035214126	0.05478446	0.0073364256	0.060351647
848	84800	0.004957818	0.05428888	0.006748962	0.059785638
849	84900	0.006217483	0.05352304	0.012251587	0.06066022
850	85000	0.0059838733	0.06416906	0.009828797	0.062216356
851	85100	0.00371419	0.056003142	0.00438385	0.062090866
852	85200	0.0046884655	0.05684877	0.003460083	0.062006064
853	85300	0.0045216465	0.05568521	0.001956482	0.060319263
854	85400	0.0028744955	0.053974006	0.0031463623	0.06118776
855	85500	0.0067913635	0.05813533	0.009266357	0.061466392
856	85600	0.005121209	0.05419111	0.0033938598	0.06251598
857	85700	0.0050133183	0.059359603	0.006442871	0.06144599
858	85800	0.008253389	0.05840339	0.006451416	0.060074583
859	85900	0.0039542867	0.054201692	0.004156799	0.059908483
860	86000	0.0032012376	0.06028111	0.0027285765	0.06341267
861	86100	0.0047687115	0.0584524	0.0029208374	0.061177004
862	86200	0.0031027826	0.05513649	0.0026971435	0.060547646
863	86300	0.0029779417	0.049668856	0.0019680785	0.061002042
864	86400	0.0038604427	0.056496628	0.0022186278	0.059951793
865	86500	0.0031244138	0.052594505	0.002526245	0.060492843
866	86600	0.0042352835	0.049856443	0.0061917114	0.060431045
867	86700	0.004592242	0.061849162	0.005415649	0.06039682
868	86800	0.006507498	0.054969132	0.003380432	0.06079362
869	86900	0.003669002	0.053370602	0.0021035767	0.060157754
870	87000	0.0037056296	0.058077335	0.0021014404	0.060157906
871	87100	0.008150395	0.055076856	0.00548645	0.06139987
872	87200	0.006154115	0.0580315	0.0046847533	0.0607294
873	87300	0.0027281763	0.053882662	0.0023336792	0.059705757
874	87400	0.004794848	0.05469121	0.004755249	0.06086834
875	87500	0.0023843476	0.060157634	0.00210083	0.06129394
876	87600	0.0071783257	0.05741191	0.007036743	0.061350025
877	87700	0.006131156	0.05396703	0.0042303465	0.059789248
878	87800	0.0030013046	0.052454956	0.005468445	0.060190465
879	87900	0.0029155035	0.052366354	0.0026272582	0.06324854
880	88000	0.003108565	0.060492516	0.0018554687	0.06142469
881	88100	0.0032945601	0.054742355	0.0033425903	0.061104868
882	88200	0.0056190304	0.05469262	0.0035025023	0.061230328
883	88300	0.0067245844	0.055744965	0.0037304687	0.061829515
884	88400	0.0055808895	0.05576837	0.008057862	0.05966096
885	88500	0.003307212	0.053529546	0.0028988647	0.061249584
886	88600	0.003921	0.05696458	0.0023120116	0.060515374
887	88700	0.0028074568	0.052911922	0.0019857788	0.061018102
888	88800	0.0038768682	0.05398577	0.0030084227	0.06010733
889	88900	0.004755759	0.06014073	0.003078308	0.060756013
890	89000	0.00575341	0.053427678	0.0073660277	0.060550548
891	89100	0.005828361	0.0526732	0.007900391	0.06164264
892	89200	0.003540998	0.05713263	0.0035797118	0.060500547
893	89300	0.0046581924	0.046887156	0.004667053	0.061531555
894	89400	0.0035867821	0.051869437	0.0050686644	0.061627924
895	89500	0.0049542044	0.051940694	0.0040219114	0.060379256
896	89600	0.0040644584	0.056906257	0.0044357297	0.06513466
897	89700	0.0071093035	0.05546255	0.0031741331	0.06033007
898	89800	0.0033017737	0.0581612	0.0021676635	0.06199497
899	89900	0.0044959234	0.053316034	0.0037826537	0.060690776
900	90000	0.0027805036	0.051429626	0.0025653075	0.060136672
901	90100	0.00300959	0.049572367	0.0058966065	0.06165447
902	90200	0.0037698494	0.05801147	0.0049044797	0.060269024
903	90300	0.00520171	0.059467133	0.0065655517	0.061244536
904	90400	0.0038021116	0.05678342	0.0041519166	0.060653135
905	90500	0.004747962	0.055636972	0.0038604736	0.061958462
906	90600	0.004038059	0.05849034	0.002253723	0.060617864
907	90700	0.005384099	0.05650433	0.0058139036	0.060421217
908	90800	0.0034661733	0.052014377	0.0045935055	0.06039592
909	90900	0.004435704	0.05344679	0.0020715331	0.060847152
910	91000	0.0039082896	0.05976817	0.0025823973	0.06215418
911	91100	0.0044317045	0.053462863	0.0027139282	0.059930913
912	91200	0.003441184	0.051721632	0.004242554	0.062011804
913	91300	0.0045300922	0.052819423	0.006272888	0.060784247
914	91400	0.0049710087	0.05595584	0.0043896483	0.060668394
915	91500	0.003998884	0.050505318	0.0030825804	0.05997562
916	91600	0.0049531404	0.054624982	0.002843933	0.060284365
917	91700	0.0061737373	0.05981513	0.004266052	0.059386175
918	91800	0.004849313	0.06289319	0.0027822875	0.060241703
919	91900	0.003943845	0.06011263	0.002137146	0.060121916
920	92000	0.0050234525	0.050694913	0.00448822	0.060461015
921	92100	0.003176641	0.05726789	0.003529663	0.060708843
922	92200	0.0052483524	0.057532493	0.0021679688	0.05929852
923	92300	0.0036738927	0.05343889	0.005723877	0.06068808
924	92400	0.0030394339	0.051763892	0.0045184325	0.05988007
925	92500	0.004794302	0.053618796	0.0019439696	0.060811307
926	92600	0.004328239	0.050048765	0.0051550292	0.06039055
927	92700	0.003445322	0.05391337	0.0034811401	0.06045003
928	92800	0.0033073716	0.05898694	0.0042315675	0.061499413
929	92900	0.0049768114	0.052236043	0.0052163694	0.060622137
930	93000	0.0052805967	0.06138292	0.0043103024	0.06013781
931	93100	0.0038017267	0.055180136	0.0028713988	0.05984457
932	93200	0.006795635	0.055487014	0.0076004025	0.061283752
933	93300	0.0036216653	0.059226952	0.0024298094	0.059483845
934	93400	0.0040402417	0.053468976	0.0031970213	0.060100164
935	93500	0.007329789	0.050970715	0.0046194457	0.061179876
936	93600	0.0051938724	0.050182853	0.0068942257	0.06088368
937	93700	0.0043191877	0.053473935	0.006798706	0.060658
938	93800	0.0052496158	0.055920072	0.0054412843	0.059849385
939	93900	0.0034526868	0.05375135	0.002460022	0.059160247
940	94000	0.0037900524	0.055314787	0.0024749755	0.06037547
941	94100	0.005798369	0.05103679	0.0024945068	0.059155155
942	94200	0.003441626	0.051592223	0.0029833983	0.059921168
943	94300	0.0035256827	0.05577689	0.009808959	0.06039545
944	94400	0.0024913552	0.050176725	0.005135498	0.059484188
945	94500	0.0048108143	0.054035787	0.002619934	0.06031792
946	94600	0.0036385488	0.050703246	0.0041543576	0.060762517
947	94700	0.0030954839	0.0546923	0.0023150635	0.060695097
948	94800	0.004415883	0.054286662	0.008435974	0.06171755
949	94900	0.0049417997	0.0528685	0.004644165	0.060742304
950	95000	0.004259614	0.053192742	0.002102356	0.058933675
951	95100	0.0044795703	0.057282228	0.009305419	0.060300626
952	95200	0.003235	0.051587813	0.004305725	0.059863787
953	95300	0.0035336209	0.059716992	0.003250427	0.05909166
954	95400	0.0028558066	0.054820195	0.002461853	0.059949987
955	95500	0.004100106	0.06009244	0.0021817016	0.06298655
956	95600	0.005004852	0.054978866	0.0064965817	0.060683176
957	95700	0.0039918628	0.050493754	0.001925354	0.059937425
958	95800	0.0057643657	0.059491545	0.010637207	0.061199103
959	95900	0.0034883032	0.055864707	0.002937622	0.05952973
960	96000	0.0051744366	0.056338683	0.006430664	0.05919083
961	96100	0.004826107	0.05828406	0.005405884	0.062589236
962	96200	0.0042418833	0.051249098	0.0020379638	0.05915671
963	96300	0.002987624	0.052372176	0.0033590698	0.059490774
964	96400	0.0030992127	0.048957698	0.0021463013	0.060338058
965	96500	0.004328952	0.05359962	0.0058303834	0.060025316
966	96600	0.0050192834	0.05390237	0.004680786	0.060183197
967	96700	0.004828647	0.05737845	0.005064392	0.06088474
968	96800	0.0057079215	0.051042352	0.0036257934	0.061604448
969	96900	0.002911248	0.056845598	0.0021871948	0.059757993
970	97000	0.0038316525	0.053806756	0.004052124	0.059347775
971	97100	0.0043201395	0.05295486	0.0022662354	0.05989256
972	97200	0.004047585	0.056398842	0.0066137696	0.05967147
973	97300	0.0036086303	0.052511744	0.0025704955	0.058821887
974	97400	0.003742893	0.054337792	0.0025598144	0.059106264
975	97500	0.0031078458	0.054304942	0.0020721436	0.0598825
976	97600	0.0026842677	0.051657222	0.0030169678	0.061050475
977	97700	0.002959042	0.0519953	0.004335022	0.059584863
978	97800	0.0036439488	0.048697032	0.003382263	0.059110638
979	97900	0.003928465	0.051338438	0.0029696655	0.05861425
980	98000	0.0027513148	0.054099225	0.0029458618	0.06073472
981	98100	0.0038746924	0.054545734	0.005861206	0.05946697
982	98200	0.003649085	0.058598638	0.0030279541	0.059444334
983	98300	0.0064599067	0.05488891	0.0057910155	0.06106404
984	98400	0.002687921	0.05365243	0.0024240112	0.05868902
985	98500	0.003848078	0.0527568	0.0026086424	0.059193246
986	98600	0.0043796804	0.05228828	0.0044668578	0.059994485
987	98700	0.003899847	0.057409264	0.0037124632	0.06090869
988	98800	0.0035290131	0.050396822	0.0070184325	0.05951397
989	98900	0.0040046484	0.052251164	0.0071813962	0.060267847
990	99000	0.0032231626	0.05099245	0.0022772215	0.058758534
991	99100	0.0035077564	0.060211048	0.0033493042	0.060056385
992	99200	0.0038042404	0.054888915	0.004328308	0.05974697
993	99300	0.0036725441	0.047752716	0.0025259398	0.059742816
994	99400	0.0033691442	0.053871296	0.002515869	0.058829367
995	99500	0.0040868893	0.054518044	0.0030807494	0.05908943
996	99600	0.002814711	0.053394016	0.0037539671	0.060689725
997	99700	0.0028206967	0.053907104	0.00197052	0.058995772
998	99800	0.0025612053	0.04877882	0.002142334	0.059342377
999	99900	0.004828116	0.05027651	0.0023080443	0.059690244
1000	100000	0.0059736064	0.056580618	0.004421997	0.05964866
