#epoch	step	MAE/at	MAEF	Val_MAE/at	Val_MAEF
1	100	0.0748815	0.7516294	0.071816765	0.68270725
2	200	0.055614896	0.44739297	0.051516674	0.49297744
3	300	0.05287487	0.47137663	0.051462248	0.43732175
4	400	0.10302282	0.43852693	0.043205567	0.41958836
5	500	0.05075903	0.36359036	0.06057927	0.38409865
6	600	0.07668186	0.43304852	0.072207995	0.36291495
7	700	0.07194885	0.32208672	0.034799043	0.34567168
8	800	0.038614117	0.3296484	0.055375263	0.33751655
9	900	0.043045435	0.326515	0.05884074	0.32230955
10	1000	0.0391982	0.2974003	0.046211798	0.322843
11	1100	0.0375539	0.27789816	0.028611042	0.31158257
12	1200	0.050575946	0.3084108	0.06571941	0.3224878
13	1300	0.048450407	0.30193081	0.07122686	0.29251224
14	1400	0.03755922	0.24964873	0.042388458	0.2942628
15	1500	0.044701863	0.26381648	0.029570565	0.2871861
16	1600	0.048932064	0.2543306	0.036972303	0.2775976
17	1700	0.043052174	0.29787618	0.062162217	0.27675876
18	1800	0.0287571	0.26268595	0.027916308	0.27586004
19	1900	0.030923162	0.2387883	0.039450124	0.2678982
20	2000	0.039570466	0.22609302	0.05320282	0.2698516
21	2100	0.034479436	0.28250265	0.027603963	0.26086366
22	2200	0.03923087	0.24263181	0.05702016	0.25546196
23	2300	0.034438826	0.2531348	0.025916087	0.25879335
24	2400	0.055633157	0.2796101	0.050207213	0.2594403
25	2500	0.037564747	0.2219688	0.04225128	0.26120844
26	2600	0.043408833	0.23782536	0.05193232	0.2535625
27	2700	0.028375234	0.24108101	0.039678443	0.25460303
28	2800	0.051397454	0.26566893	0.026091563	0.24257761
29	2900	0.0510351	0.21435153	0.024303436	0.24504901
30	3000	0.050101757	0.22106527	0.058848675	0.24262112
31	3100	0.030810375	0.2308124	0.025132447	0.24102029
32	3200	0.050152097	0.21732306	0.07715805	0.24528824
33	3300	0.025157912	0.25069132	0.036122184	0.23534277
34	3400	0.037076324	0.23832943	0.046566267	0.23659733
35	3500	0.050694276	0.25651437	0.045274403	0.24015605
36	3600	0.045016576	0.24592638	0.05303543	0.23274747
37	3700	0.050275642	0.27105492	0.03177419	0.23742573
38	3800	0.040432826	0.2113369	0.037786406	0.24444042
39	3900	0.061914448	0.24476635	0.025115408	0.23101126
40	4000	0.03987892	0.21971276	0.05165354	0.22610813
41	4100	0.03351568	0.23691772	0.023093568	0.23094578
42	4200	0.04016371	0.21453825	0.04510086	0.23354477
43	4300	0.04496166	0.21041763	0.039243925	0.22559915
44	4400	0.062407084	0.22491059	0.035453945	0.23639052
45	4500	0.05173006	0.2342224	0.061813816	0.23163792
46	4600	0.03217935	0.2071389	0.06881033	0.22374548
47	4700	0.025915554	0.19485644	0.023916626	0.2222555
48	4800	0.032937	0.21585706	0.052897897	0.22229585
49	4900	0.028209848	0.20743388	0.024344737	0.22395582
50	5000	0.04737898	0.21034995	0.05102641	0.22026573
51	5100	0.026480027	0.20636618	0.021977134	0.2258101
52	5200	0.05253644	0.2017069	0.030475562	0.22142634
53	5300	0.04220686	0.20920642	0.02741287	0.21819708
54	5400	0.0329926	0.18945834	0.03865387	0.21653344
55	5500	0.041751795	0.18443942	0.031946108	0.2136494
56	5600	0.035868585	0.20446031	0.04844065	0.21778531
57	5700	0.023852479	0.21968348	0.022334544	0.21378386
58	5800	0.051515404	0.17959544	0.039513648	0.21421015
59	5900	0.02990102	0.20898408	0.033912707	0.20925996
60	6000	0.038241126	0.19546379	0.03391683	0.21163872
61	6100	0.030248197	0.19461554	0.0238884	0.21146595
62	6200	0.029255781	0.2090685	0.034774423	0.21641628
63	6300	0.030134581	0.18237756	0.026241302	0.21398854
64	6400	0.049488354	0.19318393	0.030052947	0.21609567
65	6500	0.026886834	0.21795046	0.02510284	0.20795935
66	6600	0.04913531	0.18544504	0.05894592	0.20730338
67	6700	0.050552446	0.20818874	0.06274119	0.2152466
68	6800	0.033435207	0.2093176	0.04811788	0.2106658
69	6900	0.037876934	0.19287124	0.024175614	0.20572208
70	7000	0.033548392	0.1874528	0.032101847	0.2123046
71	7100	0.034121476	0.19258668	0.03762446	0.2079359
72	7200	0.029181626	0.16009274	0.022839	0.20503496
73	7300	0.026334232	0.17761609	0.03813604	0.20921852
74	7400	0.026405398	0.16742128	0.024064992	0.20429416
75	7500	0.033765133	0.21236521	0.021702982	0.20420623
76	7600	0.03444843	0.18977179	0.033255313	0.20393096
77	7700	0.029321209	0.20277005	0.023666129	0.2057419
78	7800	0.034388043	0.19108419	0.03592458	0.2029141
79	7900	0.035221457	0.19790746	0.022090198	0.20812029
80	8000	0.025095752	0.22014125	0.025819957	0.20007701
81	8100	0.03799741	0.17977574	0.040365852	0.19990994
82	8200	0.037056472	0.21828827	0.039616495	0.19996937
83	8300	0.03491119	0.19278511	0.040811155	0.20837411
84	8400	0.030813042	0.20705986	0.027245685	0.20740174
85	8500	0.024457842	0.20685597	0.023954162	0.20349123
86	8600	0.032142278	0.1985593	0.031660717	0.20651118
87	8700	0.03540527	0.1686111	0.03944702	0.19688097
88	8800	0.059602626	0.17069596	0.055411223	0.20034984
89	8900	0.027334968	0.18433799	0.046417642	0.20335105
90	9000	0.045184	0.18786605	0.0505335	0.20005435
91	9100	0.03498679	0.18425375	0.046586044	0.20140848
92	9200	0.02340958	0.19587627	0.040549316	0.2000308
93	9300	0.027171677	0.16009763	0.02638087	0.20280999
94	9400	0.027803646	0.2084164	0.021925254	0.19593872
95	9500	0.030436827	0.20676957	0.022346905	0.20008627
96	9600	0.033154037	0.19499882	0.073655345	0.19499937
97	9700	0.022876218	0.17059255	0.023350777	0.19663511
98	9800	0.042013526	0.18300247	0.059210613	0.1952235
99	9900	0.04553573	0.18424977	0.028294679	0.19434421
100	10000	0.029089438	0.17379902	0.03165049	0.19421363
101	10100	0.028016888	0.1658804	0.024160666	0.19184639
102	10200	0.029971186	0.18934269	0.022495117	0.1960783
103	10300	0.033336565	0.19302088	0.02982544	0.20259345
104	10400	0.027314177	0.19883803	0.018932292	0.20452146
105	10500	0.027868098	0.20528848	0.024818268	0.18975836
106	10600	0.035233032	0.21380758	0.082008876	0.20192689
107	10700	0.028751107	0.18207757	0.02350591	0.19983064
108	10800	0.02824283	0.1918826	0.02831599	0.19632058
109	10900	0.037507895	0.17903821	0.048933253	0.19322404
110	11000	0.030158492	0.17749009	0.045277756	0.19136617
111	11100	0.027484078	0.18365483	0.033313036	0.18726946
112	11200	0.027818928	0.20438313	0.021207834	0.1932076
113	11300	0.017739965	0.15184805	0.02202637	0.19018327
114	11400	0.018134112	0.16119805	0.024880473	0.1903862
115	11500	0.020016761	0.17794876	0.020869395	0.18667676
116	11600	0.06340404	0.23645571	0.037742514	0.19353704
117	11700	0.021414006	0.17389196	0.022463633	0.19079995
118	11800	0.022607397	0.15760848	0.02050476	0.19621424
119	11900	0.033046726	0.19577277	0.031489257	0.18671976
120	12000	0.04517405	0.1751669	0.05005961	0.1974023
121	12100	0.021821916	0.18260305	0.024317576	0.1912775
122	12200	0.028318033	0.16305111	0.039824117	0.18933056
123	12300	0.022581467	0.1759144	0.02254486	0.18467687
124	12400	0.03503539	0.21511362	0.020416565	0.18859035
125	12500	0.026676392	0.19734426	0.045182697	0.18449724
126	12600	0.02674426	0.17800981	0.02478027	0.18591368
127	12700	0.043802176	0.18980198	0.02099304	0.18814602
128	12800	0.02290222	0.193947	0.022261199	0.18426368
129	12900	0.026619347	0.14821576	0.020039571	0.18768483
130	13000	0.03046363	0.16741301	0.03710332	0.18422721
131	13100	0.028805166	0.18730566	0.026209362	0.20607069
132	13200	0.025280133	0.14649764	0.030504452	0.18261346
133	13300	0.030243661	0.14714706	0.039759975	0.18443863
134	13400	0.02300078	0.18254542	0.02239334	0.1866918
135	13500	0.028770218	0.2077702	0.042171784	0.19967666
136	13600	0.024793409	0.16256586	0.027260842	0.1842256
137	13700	0.026866544	0.17052203	0.026449127	0.20113418
138	13800	0.02986775	0.17846082	0.023710838	0.18568844
139	13900	0.023619106	0.16403635	0.019162547	0.18664192
140	14000	0.030428553	0.17404205	0.021950686	0.18342276
141	14100	0.029866576	0.18522844	0.018026887	0.18328893
142	14200	0.031425484	0.16543554	0.027710723	0.18404819
143	14300	0.031319108	0.16527502	0.019567057	0.18495092
144	14400	0.05673033	0.1697268	0.03247869	0.18088663
145	14500	0.020312717	0.1712918	0.019209443	0.18160653
146	14600	0.03730315	0.17756751	0.026253967	0.19507161
147	14700	0.027398573	0.19678	0.023174236	0.1818228
148	14800	0.020899279	0.14661518	0.02624654	0.18136664
149	14900	0.026135825	0.16196795	0.018671365	0.18552218
150	15000	0.03804148	0.19200975	0.03417216	0.1884578
151	15100	0.025091698	0.19749206	0.030731201	0.19004685
152	15200	0.023771482	0.16499741	0.02582057	0.18676963
153	15300	0.038120363	0.16425344	0.020229949	0.18354304
154	15400	0.028194232	0.16809243	0.048900656	0.18245043
155	15500	0.020887708	0.17094456	0.029466147	0.18063283
156	15600	0.020898003	0.15536316	0.03616506	0.18625222
157	15700	0.025214521	0.1791028	0.023800913	0.18480398
158	15800	0.03643986	0.15437892	0.04007202	0.1812075
159	15900	0.01724801	0.163204	0.033296354	0.18152711
160	16000	0.031042818	0.16962352	0.031406913	0.1816092
161	16100	0.030656891	0.17676307	0.02551712	0.17926507
162	16200	0.026346374	0.17106286	0.038729914	0.19050187
163	16300	0.026525715	0.15059575	0.021279754	0.17635211
164	16400	0.03032813	0.15537043	0.03053248	0.17723612
165	16500	0.022427857	0.1503547	0.028232371	0.18414363
166	16600	0.025874887	0.16172102	0.06092987	0.17955884
167	16700	0.02139511	0.1526151	0.01927307	0.17717788
168	16800	0.018325062	0.15293585	0.024792532	0.17828856
169	16900	0.02731516	0.17979562	0.019497527	0.1832807
170	17000	0.026238186	0.17613672	0.022949422	0.18169512
171	17100	0.027888667	0.1680245	0.03657038	0.18102625
172	17200	0.033983827	0.17615598	0.025958862	0.18691495
173	17300	0.028918201	0.16384609	0.025073752	0.17608076
174	17400	0.035059266	0.14677702	0.018165182	0.17725685
175	17500	0.022151142	0.16673487	0.03615422	0.18238467
176	17600	0.02159653	0.16392644	0.02093277	0.17608373
177	17700	0.03500827	0.15510775	0.019834036	0.17833118
178	17800	0.028479254	0.17267337	0.017783863	0.17802697
179	17900	0.027827183	0.17668247	0.028320568	0.17703256
180	18000	0.037073057	0.16214058	0.023713276	0.17785251
181	18100	0.02436369	0.17374468	0.032585755	0.17994723
182	18200	0.023620652	0.16988002	0.025408125	0.17626184
183	18300	0.032463394	0.16815445	0.03575409	0.17657955
184	18400	0.026980514	0.13713823	0.041221466	0.17406826
185	18500	0.03738913	0.19642395	0.043644715	0.19096795
186	18600	0.027204236	0.15996237	0.021560058	0.17694353
187	18700	0.036758572	0.16388185	0.024815317	0.17655772
188	18800	0.021585155	0.16284122	0.017963462	0.17239389
189	18900	0.019891609	0.14140199	0.028719584	0.17995164
190	19000	0.024892155	0.15247118	0.039631195	0.17520042
191	19100	0.027407499	0.19891994	0.028946633	0.18337847
192	19200	0.02942105	0.18633062	0.020060172	0.17378515
193	19300	0.03344039	0.17797348	0.033821106	0.17719227
194	19400	0.022632191	0.18816751	0.02149343	0.17387588
195	19500	0.0234738	0.17170723	0.019772034	0.17738
196	19600	0.020833785	0.15141909	0.023383684	0.1722361
197	19700	0.020464342	0.13904774	0.026344605	0.17553331
198	19800	0.018874152	0.16770494	0.021368613	0.17294943
199	19900	0.021204937	0.17911515	0.020286663	0.17628156
200	20000	0.026463969	0.14958388	0.028755387	0.17016268
201	20100	0.03459126	0.16694963	0.021388397	0.17445591
202	20200	0.024779556	0.14888829	0.018380228	0.17210503
203	20300	0.019773621	0.16077892	0.02024053	0.17857887
204	20400	0.029269397	0.15851994	0.017082214	0.17914125
205	20500	0.030377705	0.17223586	0.02810613	0.18725117
206	20600	0.020088397	0.16262497	0.026631571	0.17096864
207	20700	0.020158287	0.14527006	0.025722912	0.17172821
208	20800	0.034366634	0.17187604	0.03194504	0.18016957
209	20900	0.031212468	0.15733157	0.027361654	0.17267434
210	21000	0.040995162	0.1261345	0.042462815	0.17050491
211	21100	0.017869556	0.1465246	0.024857482	0.1709863
212	21200	0.030263519	0.1763585	0.034517363	0.16988465
213	21300	0.02778721	0.16681053	0.03928975	0.1722769
214	21400	0.022540057	0.16266531	0.045345612	0.16910666
215	21500	0.02260976	0.14596094	0.0164003	0.17280032
216	21600	0.025732614	0.1634269	0.018904062	0.16977097
217	21700	0.021745771	0.14824326	0.026179504	0.18303297
218	21800	0.02428438	0.15415387	0.018098144	0.17289305
219	21900	0.020131344	0.15902223	0.04025172	0.17380726
220	22000	0.036020707	0.15054736	0.028631644	0.17085409
221	22100	0.035223328	0.16796714	0.053956706	0.17341323
222	22200	0.020047152	0.16432454	0.030610198	0.16847579
223	22300	0.015786247	0.13426183	0.016715089	0.16728893
224	22400	0.020514715	0.16480593	0.016391704	0.1695985
225	22500	0.025593799	0.14710741	0.020912118	0.17789143
226	22600	0.030564398	0.15148288	0.022160439	0.16766588
227	22700	0.020293638	0.1822341	0.03290512	0.17412867
228	22800	0.024755865	0.17068289	0.017563222	0.1700017
229	22900	0.024666304	0.14724062	0.022531632	0.17108753
230	23000	0.032670688	0.14863518	0.020419667	0.16838521
231	23100	0.019908898	0.15964958	0.016997881	0.17058328
232	23200	0.022409176	0.14092019	0.0253303	0.17762344
233	23300	0.025567466	0.15594335	0.05048604	0.16946065
234	23400	0.028118173	0.14220102	0.025737254	0.17374676
235	23500	0.028286254	0.15452929	0.027226865	0.17058083
236	23600	0.029132806	0.1523175	0.01901652	0.16825205
237	23700	0.01908687	0.16866767	0.022928469	0.17377003
238	23800	0.01975389	0.14531894	0.021195423	0.16954722
239	23900	0.01876071	0.15459184	0.018326314	0.1680494
240	24000	0.02557346	0.15039915	0.029123588	0.16552094
241	24100	0.025788268	0.1342164	0.025273794	0.1657749
242	24200	0.031960998	0.14262022	0.042559862	0.17338581
243	24300	0.019517316	0.15475045	0.020155387	0.17365345
244	24400	0.019367883	0.16442177	0.033390045	0.16735855
245	24500	0.033940222	0.15647493	0.024556784	0.16517992
246	24600	0.026129128	0.12885742	0.030728556	0.16553235
247	24700	0.018481161	0.13545571	0.03290629	0.16796903
248	24800	0.013311093	0.13175195	0.020144755	0.17067252
249	24900	0.030551786	0.1424193	0.022941846	0.16579077
250	25000	0.02894068	0.15250374	0.01941686	0.17331704
251	25100	0.027228232	0.1616318	0.024354195	0.17205958
252	25200	0.023626668	0.14369926	0.037168477	0.1650394
253	25300	0.039413672	0.18521038	0.017807566	0.16776618
254	25400	0.028214868	0.15212557	0.016346283	0.16816355
255	25500	0.038591214	0.16212994	0.045702007	0.1657881
256	25600	0.028824205	0.15925997	0.022663929	0.16517016
257	25700	0.016246691	0.12836364	0.027301127	0.16582206
258	25800	0.022009525	0.16361853	0.017894642	0.1642271
259	25900	0.021549186	0.14437072	0.01903895	0.16520521
260	26000	0.01757039	0.15696089	0.015390167	0.17986678
261	26100	0.021832071	0.18348806	0.024671983	0.16705431
262	26200	0.027210793	0.15054764	0.020559996	0.17091915
263	26300	0.018196663	0.1503984	0.018194273	0.1669392
264	26400	0.021154929	0.14738022	0.017790526	0.16712612
265	26500	0.017786726	0.18543568	0.0162116	0.17498972
266	26600	0.023186157	0.13796419	0.03706655	0.16429351
267	26700	0.019507198	0.16673295	0.015076904	0.17093429
268	26800	0.018374784	0.16772322	0.020430041	0.1713054
269	26900	0.027378943	0.14324605	0.03359512	0.16659646
270	27000	0.02286203	0.15457208	0.030904032	0.16961755
271	27100	0.019583613	0.14370242	0.03862096	0.1659985
272	27200	0.021635506	0.13528028	0.024134623	0.16561985
273	27300	0.037736315	0.1646699	0.05004735	0.1670386
274	27400	0.027048135	0.1534878	0.029058127	0.17105165
275	27500	0.030240083	0.16702028	0.021281485	0.16517483
276	27600	0.03296987	0.15110296	0.03314524	0.1675177
277	27700	0.03003587	0.18299665	0.03519048	0.1646559
278	27800	0.02689055	0.16088988	0.023353882	0.16536835
279	27900	0.02791227	0.17630859	0.03175461	0.16435489
280	28000	0.021395512	0.15535013	0.017949982	0.1626368
281	28100	0.021715313	0.1478743	0.0207135	0.16357985
282	28200	0.02557852	0.13820384	0.04404795	0.16669871
283	28300	0.019266378	0.13396314	0.026536254	0.17072132
284	28400	0.0243926	0.1455484	0.023197122	0.16582042
285	28500	0.027851406	0.15488292	0.034612224	0.1635093
286	28600	0.02449442	0.14857431	0.031084746	0.17207053
287	28700	0.017844869	0.16796272	0.017711233	0.16237347
288	28800	0.019983094	0.12840742	0.016946156	0.16080436
289	28900	0.020285742	0.14568695	0.03568909	0.1642285
290	29000	0.02255071	0.14310989	0.015851287	0.16785632
291	29100	0.020946464	0.15574037	0.019676667	0.16578919
292	29200	0.026494445	0.18099403	0.035446525	0.16455369
293	29300	0.017227877	0.14264739	0.0176945	0.16371177
294	29400	0.03418034	0.13681923	0.041053772	0.16700037
295	29500	0.034495894	0.15871331	0.02474462	0.17250028
296	29600	0.026164215	0.15557416	0.01918945	0.16485079
297	29700	0.021450914	0.15588298	0.027723948	0.1620158
298	29800	0.017596286	0.15390338	0.017601062	0.16718149
299	29900	0.021344567	0.14529072	0.016740978	0.16342817
300	30000	0.024910508	0.17054568	0.029852191	0.18136291
301	30100	0.026342543	0.14520091	0.018460695	0.16328166
302	30200	0.01947415	0.12503074	0.016040955	0.15871747
303	30300	0.024045084	0.17060827	0.028294424	0.17072248
304	30400	0.026191961	0.14412768	0.016604817	0.16322981
305	30500	0.022642815	0.15297747	0.018723398	0.16542591
306	30600	0.023049833	0.13881087	0.016953023	0.1629201
307	30700	0.018010067	0.13943665	0.0198437	0.16661711
308	30800	0.019875517	0.16664763	0.016671652	0.16214582
309	30900	0.021419944	0.14441764	0.01970337	0.16371754
310	31000	0.025412874	0.15580358	0.021149497	0.16331677
311	31100	0.022258563	0.13751847	0.017300975	0.16656958
312	31200	0.04131348	0.15274923	0.039498698	0.16977985
313	31300	0.018357646	0.14325798	0.022054749	0.1653555
314	31400	0.023672387	0.15652198	0.025818378	0.1690398
315	31500	0.019802274	0.18841763	0.020023294	0.16146976
316	31600	0.022115009	0.16771889	0.015746461	0.16053766
317	31700	0.02571331	0.13513345	0.01618225	0.16525827
318	31800	0.03408037	0.165959	0.055608924	0.15988143
319	31900	0.024847236	0.17392004	0.018942006	0.16199619
320	32000	0.020768357	0.1634785	0.025490211	0.15996279
321	32100	0.025630742	0.13956565	0.01954539	0.16122147
322	32200	0.023423286	0.14044085	0.016536202	0.1611349
323	32300	0.014590912	0.13632968	0.017298633	0.16044757
324	32400	0.025443567	0.13771138	0.016385598	0.16119242
325	32500	0.022841852	0.15690584	0.026783902	0.16086604
326	32600	0.01726966	0.14527342	0.01894572	0.16122313
327	32700	0.020002104	0.16335897	0.017710064	0.16702273
328	32800	0.017179456	0.1537556	0.015362193	0.16749167
329	32900	0.021104459	0.1705606	0.014817048	0.16533826
330	33000	0.021303482	0.18783893	0.016089527	0.16068767
331	33100	0.021151112	0.16267699	0.01704432	0.16426909
332	33200	0.021384701	0.15799528	0.016414898	0.16584952
333	33300	0.016899899	0.16651303	0.018189391	0.16379407
334	33400	0.01588816	0.13385744	0.018839264	0.16298251
335	33500	0.02316838	0.146799	0.022348732	0.1653042
336	33600	0.018728515	0.14230548	0.019088643	0.1624945
337	33700	0.016688254	0.14237706	0.016073912	0.16320464
338	33800	0.017601347	0.13616903	0.02152532	0.16228047
339	33900	0.024283273	0.12901707	0.03482819	0.15865397
340	34000	0.022274598	0.15389504	0.040066116	0.16158469
341	34100	0.02107684	0.13412797	0.021429038	0.15779836
342	34200	0.020450916	0.1374476	0.017287292	0.15859216
343	34300	0.027538007	0.14327095	0.018812003	0.16447002
344	34400	0.0228155	0.15780292	0.026384631	0.1593439
345	34500	0.021710014	0.15184481	0.016860811	0.16652375
346	34600	0.027809089	0.17347236	0.017531991	0.16106896
347	34700	0.01813179	0.13498138	0.015660958	0.16484706
348	34800	0.017196968	0.14546739	0.017348228	0.15707625
349	34900	0.017409323	0.1253441	0.015928596	0.16039748
350	35000	0.020719575	0.169244	0.037860665	0.16137668
351	35100	0.018441916	0.14493784	0.01597107	0.15672061
352	35200	0.025182553	0.15218887	0.016102448	0.15965249
353	35300	0.031999923	0.17754029	0.020127105	0.16220021
354	35400	0.021213511	0.13218974	0.017312672	0.15806404
355	35500	0.017862527	0.1520948	0.020181376	0.15960643
356	35600	0.020896625	0.16121121	0.02480881	0.17069663
357	35700	0.029206099	0.13359654	0.037793983	0.16156803
358	35800	0.024116801	0.15716447	0.02546636	0.16106117
359	35900	0.018810505	0.15204321	0.016887307	0.16183892
360	36000	0.027434744	0.15965866	0.016667224	0.15906525
361	36100	0.01633072	0.13194674	0.016881257	0.16664569
362	36200	0.03241158	0.16095059	0.043070268	0.1583547
363	36300	0.026497046	0.1449359	0.027236328	0.16139843
364	36400	0.020820128	0.12489597	0.01747228	0.15835159
365	36500	0.016223408	0.13684519	0.016672462	0.15982395
366	36600	0.020369254	0.15043576	0.02062561	0.15756255
367	36700	0.027509049	0.14200705	0.015195873	0.16002399
368	36800	0.022571385	0.15878797	0.017267354	0.16045316
369	36900	0.020698441	0.12731126	0.017404633	0.16011183
370	37000	0.027663333	0.16808274	0.016510824	0.1573261
371	37100	0.023573685	0.16263841	0.016855722	0.15705241
372	37200	0.016491333	0.16447508	0.025788777	0.16264068
373	37300	0.01916352	0.1628108	0.02982066	0.15682745
374	37400	0.015158405	0.1122471	0.016578624	0.15795077
375	37500	0.017617593	0.14454906	0.017076824	0.16160586
376	37600	0.024679568	0.123915076	0.0228333	0.15708879
377	37700	0.013379426	0.15276791	0.01448817	0.15818806
378	37800	0.019596508	0.16195436	0.04605418	0.16400318
379	37900	0.015043707	0.14151339	0.023320109	0.15750478
380	38000	0.020331578	0.14864734	0.01596176	0.16327956
381	38100	0.024478503	0.14493093	0.015558674	0.15770479
382	38200	0.024173418	0.1425287	0.017308554	0.15743887
383	38300	0.020176254	0.173132	0.018346049	0.15867028
384	38400	0.019787831	0.124653205	0.026914673	0.15691982
385	38500	0.01869336	0.17125449	0.015839793	0.16147062
386	38600	0.017992549	0.14115521	0.022143656	0.1574498
387	38700	0.0289417	0.12939844	0.017508699	0.15978041
388	38800	0.018531622	0.14922634	0.017345529	0.1646894
389	38900	0.03085417	0.16465978	0.017493589	0.1608194
390	39000	0.022702662	0.15549955	0.038764343	0.15919726
391	39100	0.014826618	0.119723216	0.015259298	0.15642242
392	39200	0.024645777	0.13588488	0.017243043	0.16210294
393	39300	0.016861131	0.14408576	0.015769653	0.15918581
394	39400	0.015766025	0.13804245	0.028384807	0.15967296
395	39500	0.015865713	0.1391042	0.015638428	0.15864022
396	39600	0.021825522	0.15770234	0.02230438	0.1595649
397	39700	0.01922006	0.1560465	0.029336803	0.16203877
398	39800	0.014898394	0.1451301	0.016746012	0.15720396
399	39900	0.015139343	0.14780308	0.016464233	0.16326694
400	40000	0.022072548	0.15300107	0.036145277	0.1570243
401	40100	0.024629785	0.140896	0.015145264	0.15740918
402	40200	0.017714387	0.12575808	0.022651419	0.15717657
403	40300	0.020269921	0.15750316	0.017309824	0.15785305
404	40400	0.013459662	0.12416119	0.019630432	0.15797354
405	40500	0.017384037	0.16330688	0.015438029	0.15810071
406	40600	0.017181473	0.12934212	0.02046931	0.16021843
407	40700	0.012410969	0.14410213	0.016262563	0.16256401
408	40800	0.026020639	0.11535388	0.016187286	0.1585624
409	40900	0.021960417	0.13555954	0.017283937	0.16014235
410	41000	0.015917223	0.12226835	0.02457682	0.15753792
411	41100	0.021892624	0.13442108	0.017276611	0.15626884
412	41200	0.016595248	0.13981344	0.01804296	0.16147779
413	41300	0.01791415	0.15631987	0.015271404	0.15685487
414	41400	0.020066826	0.15643652	0.018056234	0.16533585
415	41500	0.024348108	0.16237137	0.026610056	0.16052732
416	41600	0.017714024	0.168508	0.019418286	0.16075388
417	41700	0.019233342	0.15820596	0.017421976	0.16005841
418	41800	0.024441872	0.15324014	0.016740926	0.15640064
419	41900	0.018295094	0.14500275	0.016543984	0.15639558
420	42000	0.019196404	0.13846357	0.015269673	0.15628621
421	42100	0.018416597	0.15211073	0.01571645	0.15574966
422	42200	0.025959274	0.13087559	0.03512782	0.15726328
423	42300	0.021014553	0.13234484	0.029573264	0.1585345
424	42400	0.019208062	0.12700869	0.020750428	0.16029172
425	42500	0.020472893	0.1437867	0.019148866	0.15647638
426	42600	0.016471038	0.15489645	0.01604604	0.15612826
427	42700	0.022373592	0.16902173	0.015589143	0.15605457
428	42800	0.01587277	0.1223888	0.014645894	0.15719736
429	42900	0.016937524	0.17840746	0.02541916	0.15739277
430	43000	0.01807673	0.14348271	0.01786667	0.15949196
431	43100	0.020250179	0.14371234	0.035791114	0.1556573
432	43200	0.017293494	0.14198974	0.022530057	0.15658233
433	43300	0.019405473	0.13476947	0.020571543	0.15718338
434	43400	0.026359895	0.13326128	0.04030197	0.16624215
435	43500	0.0153957885	0.15148431	0.0149134835	0.16000265
436	43600	0.03353227	0.13703287	0.039347637	0.16930282
437	43700	0.016586723	0.16420908	0.014245351	0.15881196
438	43800	0.020958066	0.13657174	0.034417927	0.15870926
439	43900	0.01925955	0.13435087	0.027363585	0.15549287
440	44000	0.02015719	0.13865477	0.014877371	0.1592955
441	44100	0.017781887	0.13201495	0.01613149	0.1538063
442	44200	0.024100265	0.15594932	0.03894669	0.15475577
443	44300	0.018419482	0.1411832	0.018802641	0.15688097
444	44400	0.026850974	0.13936469	0.027240092	0.15459548
445	44500	0.019066835	0.13542251	0.014777475	0.1583796
446	44600	0.014503507	0.13227767	0.015322213	0.15485168
447	44700	0.014658145	0.13966791	0.016499685	0.1556427
448	44800	0.021387896	0.1312786	0.02448959	0.15626378
449	44900	0.015633533	0.1317214	0.01985438	0.1535648
450	45000	0.023456905	0.116385736	0.025145669	0.161245
451	45100	0.01663825	0.15236275	0.015729422	0.15740325
452	45200	0.018070128	0.1306431	0.016593728	0.1631029
453	45300	0.017657101	0.12552685	0.020400949	0.15555917
454	45400	0.02753362	0.15156882	0.05506185	0.16409463
455	45500	0.022435542	0.14885552	0.025054218	0.15622547
456	45600	0.015112528	0.1295295	0.0155108655	0.15394522
457	45700	0.019305935	0.14958926	0.023643801	0.15738888
458	45800	0.02400518	0.1336685	0.0336735	0.15798023
459	45900	0.015581922	0.14064983	0.015455119	0.15904999
460	46000	0.023910476	0.1220035	0.016407624	0.16421942
461	46100	0.019230668	0.13794558	0.016528726	0.15435201
462	46200	0.025526946	0.13002542	0.024281666	0.15624963
463	46300	0.021256693	0.15145421	0.015671385	0.16248964
464	46400	0.025273766	0.14441884	0.027111055	0.15665711
465	46500	0.022439783	0.13864376	0.026080424	0.15416387
466	46600	0.021220172	0.1327223	0.027419232	0.15606637
467	46700	0.018655004	0.12742546	0.016476035	0.15550666
468	46800	0.020905366	0.14594102	0.018282725	0.15509844
469	46900	0.028616685	0.12566893	0.027840426	0.15602542
470	47000	0.02152813	0.11974011	0.023970794	0.1550933
471	47100	0.027897792	0.13298507	0.031708576	0.15704323
472	47200	0.015186269	0.13679416	0.015502624	0.15552035
473	47300	0.017421778	0.13617532	0.016423034	0.15734266
474	47400	0.016860722	0.12531067	0.014600218	0.15433471
475	47500	0.023117386	0.16423652	0.01560384	0.15924722
476	47600	0.01730382	0.15503612	0.017406922	0.15556893
477	47700	0.016205305	0.13250184	0.015840454	0.15487212
478	47800	0.01685176	0.15967676	0.015852354	0.15412061
479	47900	0.014411908	0.116754636	0.022398787	0.15481186
480	48000	0.021574475	0.14619155	0.037082672	0.15798575
481	48100	0.022600276	0.14097914	0.021554412	0.15467869
482	48200	0.026088033	0.15744166	0.040959775	0.15634054
483	48300	0.01345404	0.123151064	0.018587291	0.15533213
484	48400	0.020180332	0.13765132	0.015494638	0.15867563
485	48500	0.022371167	0.1329543	0.016973216	0.16392437
486	48600	0.018016126	0.13409178	0.017070567	0.15621996
487	48700	0.017561048	0.13179049	0.02411545	0.15827805
488	48800	0.021152582	0.1371012	0.017443188	0.15433377
489	48900	0.015561283	0.11820907	0.015188648	0.15271528
490	49000	0.015443838	0.15242903	0.016353404	0.15595797
491	49100	0.015844872	0.12953116	0.018072102	0.15503314
492	49200	0.022759207	0.123028204	0.021523844	0.1553008
493	49300	0.027239144	0.13978323	0.028924715	0.15424097
494	49400	0.024470761	0.12962478	0.014737447	0.15393493
495	49500	0.015549599	0.13670078	0.016153514	0.15662223
496	49600	0.0150842285	0.14300156	0.015114696	0.15623829
497	49700	0.017304217	0.13564415	0.016187437	0.15468492
498	49800	0.018812615	0.15681572	0.018518727	0.15366916
499	49900	0.021163573	0.126876	0.017742055	0.15379979
500	50000	0.026543552	0.14032209	0.02262985	0.15357271
501	50100	0.014455001	0.12209563	0.014661152	0.15632643
502	50200	0.015495202	0.14475581	0.019018961	0.1547219
503	50300	0.025740447	0.13055229	0.02638387	0.1533468
504	50400	0.022347987	0.13633624	0.022063954	0.15461837
505	50500	0.015015447	0.12041409	0.019652253	0.15435073
506	50600	0.019469008	0.13100973	0.015770467	0.15428607
507	50700	0.022187792	0.17361793	0.016818643	0.15560617
508	50800	0.019572094	0.13161297	0.014535217	0.15457216
509	50900	0.016306214	0.12086197	0.021099549	0.15416026
510	51000	0.01830628	0.13342041	0.029529113	0.15607873
511	51100	0.018397398	0.14052312	0.014681904	0.15318832
512	51200	0.01792716	0.12360297	0.014690146	0.15321581
513	51300	0.017505033	0.17176117	0.019839477	0.15455653
514	51400	0.018831836	0.13471723	0.016667532	0.15336
515	51500	0.02244168	0.14537697	0.02101186	0.15681578
516	51600	0.013903822	0.1267175	0.016050823	0.15931019
517	51700	0.01807994	0.14290182	0.018033396	0.15230472
518	51800	0.014686497	0.15306562	0.016118672	0.15361026
519	51900	0.019137213	0.14368588	0.013997244	0.15323345
520	52000	0.012362046	0.12197708	0.014774476	0.15877993
521	52100	0.017893068	0.14546548	0.015109966	0.15569875
522	52200	0.019530145	0.12731966	0.020394035	0.15532826
523	52300	0.019657252	0.16310447	0.020850474	0.153275
524	52400	0.030950643	0.13657251	0.02407247	0.15696833
525	52500	0.02040396	0.13326442	0.033530377	0.15275376
526	52600	0.021387866	0.17089812	0.020244649	0.1537408
527	52700	0.018996676	0.11891315	0.015420379	0.15747163
528	52800	0.012131771	0.115327835	0.01573049	0.15505503
529	52900	0.019491779	0.13791358	0.018981274	0.1527584
530	53000	0.016104009	0.14039494	0.02100703	0.15586029
531	53100	0.021274557	0.13380499	0.039983213	0.15454654
532	53200	0.018639762	0.120512225	0.028589679	0.15652698
533	53300	0.026355622	0.13723186	0.029349873	0.15265751
534	53400	0.018324634	0.11224771	0.020709429	0.15561193
535	53500	0.016698426	0.13530207	0.014801584	0.15328512
536	53600	0.012692683	0.13643463	0.019430645	0.15280975
537	53700	0.016535114	0.145348	0.019526519	0.15944676
538	53800	0.012959488	0.13396502	0.017221171	0.15573895
539	53900	0.018178327	0.13084379	0.017658489	0.15543257
540	54000	0.015834536	0.13160978	0.030283455	0.15241261
541	54100	0.017612731	0.14884263	0.02726349	0.15342659
542	54200	0.02134008	0.13609117	0.021942087	0.15483797
543	54300	0.019697702	0.15676191	0.020636138	0.15681107
544	54400	0.014544822	0.13474298	0.020316366	0.15190463
545	54500	0.02092491	0.16424865	0.030821992	0.15335047
546	54600	0.016846294	0.13091719	0.015748495	0.15918635
547	54700	0.015721789	0.14348549	0.02525111	0.15430787
548	54800	0.022619607	0.13297221	0.020726725	0.15281884
549	54900	0.014267437	0.13345255	0.01671641	0.15548742
550	55000	0.01542384	0.11648997	0.015503387	0.15602094
551	55100	0.018898923	0.14692129	0.0150944	0.15268563
552	55200	0.025001222	0.14873788	0.038502093	0.15423658
553	55300	0.018883845	0.12751299	0.019203745	0.1546192
554	55400	0.02077354	0.15137805	0.0281513	0.15367329
555	55500	0.01823566	0.13637584	0.028000133	0.15313575
556	55600	0.025282327	0.12576577	0.015620931	0.15427493
557	55700	0.01987051	0.1262952	0.017653096	0.15272495
558	55800	0.020363517	0.16573784	0.02735367	0.15486863
559	55900	0.016986612	0.14373912	0.014958698	0.15451099
560	56000	0.020499606	0.135169	0.014396209	0.153871
561	56100	0.011304909	0.10828052	0.015466359	0.15282202
562	56200	0.024613235	0.14420453	0.020561013	0.15314157
563	56300	0.015930694	0.15118557	0.017915903	0.15304112
564	56400	0.017620442	0.16127962	0.0145709235	0.15793124
565	56500	0.02040094	0.13954201	0.0216804	0.15298027
566	56600	0.017787376	0.12951653	0.025022076	0.1540225
567	56700	0.019239087	0.1147434	0.014708048	0.15302305
568	56800	0.018895626	0.12468722	0.019831236	0.15191637
569	56900	0.014285779	0.13116209	0.013806712	0.15224467
570	57000	0.015473387	0.14479202	0.017381236	0.15500394
571	57100	0.015932204	0.15399157	0.015020396	0.15306161
572	57200	0.013923866	0.1198539	0.021975962	0.15468958
573	57300	0.016139258	0.1308747	0.014280496	0.15126471
574	57400	0.015957901	0.13683487	0.014998119	0.15355064
575	57500	0.0232452	0.15744466	0.028185982	0.15221569
576	57600	0.018290065	0.15359554	0.014936168	0.15594937
577	57700	0.01891335	0.15631136	0.02944097	0.15246011
578	57800	0.023184761	0.12108864	0.024315288	0.153618
579	57900	0.015485537	0.13363656	0.019244231	0.15327913
580	58000	0.01810592	0.1399264	0.016092733	0.15140411
581	58100	0.025810765	0.12537964	0.033510234	0.15320915
582	58200	0.015522778	0.12615867	0.015206806	0.15489611
583	58300	0.018383617	0.12882166	0.017343597	0.1534378
584	58400	0.01798954	0.13674365	0.015817363	0.15347636
585	58500	0.014122678	0.12355781	0.013947753	0.15199748
586	58600	0.023557251	0.14619967	0.016190898	0.15350808
587	58700	0.016323594	0.14688253	0.022585548	0.15418597
588	58800	0.020800795	0.13082696	0.014871877	0.15321651
589	58900	0.019694151	0.16361417	0.020220032	0.16536993
590	59000	0.01381234	0.13072698	0.016093241	0.15280065
591	59100	0.019342596	0.12958871	0.015009918	0.15147646
592	59200	0.013561515	0.1419572	0.02441101	0.15429656
593	59300	0.015376601	0.14340627	0.014620157	0.15339616
594	59400	0.021659017	0.1343602	0.017611187	0.1552164
595	59500	0.018686058	0.14160846	0.016715087	0.1554391
596	59600	0.021168415	0.14250155	0.015394492	0.15288542
597	59700	0.013650386	0.13198659	0.01572886	0.15178798
598	59800	0.019011434	0.12826759	0.014541219	0.152226
599	59900	0.016352903	0.13369659	0.018585917	0.15246624
600	60000	0.021769991	0.142323	0.030024108	0.15237436
601	60100	0.014248904	0.1221015	0.017092844	0.15283962
602	60200	0.016951136	0.1256548	0.01460144	0.15179929
603	60300	0.017451603	0.14478189	0.014960887	0.1543533
604	60400	0.013362017	0.13945243	0.021089174	0.15281084
605	60500	0.019773994	0.15399845	0.014900766	0.15305841
606	60600	0.016720064	0.12673172	0.015202077	0.15294619
607	60700	0.012602251	0.12947142	0.016543528	0.15504737
608	60800	0.018981485	0.1391347	0.017301228	0.15430552
609	60900	0.021347184	0.116221085	0.020857796	0.1565559
610	61000	0.013452122	0.1258221	0.01643163	0.1531644
611	61100	0.018742563	0.1582797	0.015419565	0.15508047
612	61200	0.015664585	0.13535672	0.015875803	0.1528774
613	61300	0.01738555	0.12926412	0.025862373	0.15344639
614	61400	0.023412917	0.17274952	0.024636537	0.15346482
615	61500	0.020617682	0.123792864	0.015746968	0.15101999
616	61600	0.01867545	0.14850272	0.017564138	0.15142009
617	61700	0.012263518	0.10737447	0.013533325	0.15286772
618	61800	0.022028394	0.11406657	0.022777354	0.15230952
619	61900	0.019431513	0.11954373	0.016586812	0.15319867
620	62000	0.01977928	0.13556655	0.027785083	0.15133283
621	62100	0.024088059	0.13946517	0.020106656	0.15307248
622	62200	0.015204486	0.12488918	0.015296427	0.15336525
623	62300	0.013236981	0.14493088	0.018251851	0.15182392
624	62400	0.02096789	0.123477876	0.02593267	0.15265903
625	62500	0.016871525	0.12654412	0.016375834	0.15180089
626	62600	0.015210252	0.11901888	0.02085607	0.15251122
627	62700	0.014689871	0.12998655	0.016365	0.15073957
628	62800	0.016866291	0.13847955	0.017256368	0.15203993
629	62900	0.016439207	0.14153482	0.026934257	0.15327023
630	63000	0.012973655	0.12555645	0.018368734	0.15401384
631	63100	0.019248007	0.12189184	0.018421326	0.1527194
632	63200	0.019298142	0.12823606	0.027007753	0.1521945
633	63300	0.01602296	0.12720574	0.014565328	0.15134254
634	63400	0.012349658	0.14483227	0.0152948	0.15428975
635	63500	0.014091129	0.13313638	0.01449585	0.15623018
636	63600	0.015022248	0.12679215	0.013416138	0.15219842
637	63700	0.016294604	0.1422456	0.019755606	0.15245771
638	63800	0.017353643	0.122026466	0.018286286	0.15228386
639	63900	0.013120356	0.13012213	0.01733968	0.15554714
640	64000	0.014784789	0.1280285	0.022752075	0.15195394
641	64100	0.018456072	0.1328589	0.014196218	0.15208086
642	64200	0.015858741	0.13044456	0.020025024	0.15192199
643	64300	0.014304704	0.15062587	0.0152260335	0.15060261
644	64400	0.01773631	0.1289656	0.017407533	0.15259877
645	64500	0.018593518	0.13935573	0.018700613	0.15044686
646	64600	0.0149416085	0.15034588	0.02812561	0.1518404
647	64700	0.016696298	0.14011195	0.015197297	0.15263487
648	64800	0.02513327	0.1379757	0.014575449	0.15220907
649	64900	0.012817051	0.13729033	0.02152369	0.1516973
650	65000	0.014508402	0.13724235	0.015009052	0.15305297
651	65100	0.024004003	0.1084082	0.018585308	0.15227148
652	65200	0.014412016	0.1256066	0.015926411	0.15232483
653	65300	0.012241262	0.14842337	0.0146920765	0.15126829
654	65400	0.015108309	0.12550963	0.014150442	0.15424776
655	65500	0.015164012	0.13307214	0.015255737	0.15040502
656	65600	0.016077327	0.113851234	0.01535558	0.15417448
657	65700	0.019286973	0.124521114	0.022154795	0.15192732
658	65800	0.016701631	0.13529423	0.021476645	0.15298142
659	65900	0.014965239	0.15403612	0.015036265	0.15095656
660	66000	0.021024276	0.15166253	0.0181634	0.15459345
661	66100	0.022662852	0.13435242	0.022882437	0.15066518
662	66200	0.012333607	0.117491186	0.015609079	0.15139018
663	66300	0.013921644	0.14077425	0.017674204	0.15465645
664	66400	0.011413673	0.11211832	0.01517573	0.15248026
665	66500	0.022648461	0.14841421	0.03165502	0.15219688
666	66600	0.021434221	0.1306669	0.015323639	0.15423812
667	66700	0.018906903	0.13391557	0.016500957	0.15255588
668	66800	0.0125844395	0.12708005	0.0149924215	0.15119697
669	66900	0.018057035	0.12953189	0.02403727	0.15116921
670	67000	0.015749779	0.13417438	0.02635859	0.15136914
671	67100	0.01951241	0.12874426	0.021457214	0.15364993
672	67200	0.013884912	0.12196409	0.016266936	0.15328492
673	67300	0.015355191	0.12372205	0.018083192	0.1509976
674	67400	0.014012775	0.12645042	0.013782755	0.15244174
675	67500	0.01661472	0.12932158	0.020628916	0.1519178
676	67600	0.015414822	0.14165719	0.023878528	0.15191244
677	67700	0.011963136	0.11950309	0.013666077	0.15129408
678	67800	0.018019766	0.13044676	0.021000924	0.15199707
679	67900	0.01593941	0.14015472	0.013679758	0.15118277
680	68000	0.013812969	0.129866	0.01710368	0.1516184
681	68100	0.012866931	0.1333161	0.016610159	0.15195009
682	68200	0.023679402	0.16225724	0.017455904	0.15326025
683	68300	0.017589446	0.14134297	0.014527284	0.151987
684	68400	0.017954463	0.11312569	0.019352874	0.15535997
685	68500	0.013489411	0.14244457	0.013897907	0.15098132
686	68600	0.017000856	0.12146273	0.015445658	0.15133056
687	68700	0.01559018	0.13756391	0.014933371	0.15277936
688	68800	0.011479692	0.11334766	0.016753336	0.15133566
689	68900	0.017145751	0.13961458	0.02891398	0.15242839
690	69000	0.015432026	0.12236394	0.016529286	0.15260191
691	69100	0.012314922	0.12218978	0.014728853	0.15309699
692	69200	0.021175873	0.12783381	0.0146285	0.15055948
693	69300	0.01660386	0.13123053	0.021003215	0.15247484
694	69400	0.017170208	0.113721184	0.034903057	0.15290904
695	69500	0.019904278	0.1299914	0.023415374	0.1517142
696	69600	0.013002126	0.116258726	0.017814737	0.14954793
697	69700	0.0135471895	0.12283259	0.018713582	0.15084928
698	69800	0.01292493	0.12740685	0.016869355	0.15030386
699	69900	0.017669447	0.12826692	0.028135426	0.15141086
700	70000	0.014738291	0.13311915	0.017350717	0.15121561
701	70100	0.016150428	0.13893197	0.013685811	0.15142688
702	70200	0.020656208	0.13502914	0.018286845	0.15106513
703	70300	0.020156298	0.14552833	0.016538085	0.15121704
704	70400	0.016594782	0.15057145	0.019917756	0.15600339
705	70500	0.012564137	0.12679158	0.013748982	0.15036507
706	70600	0.019369913	0.11863683	0.01714096	0.15157543
707	70700	0.015229969	0.13409473	0.019003244	0.15220712
708	70800	0.019854914	0.1484297	0.015268149	0.15030068
709	70900	0.018386796	0.1403772	0.024274698	0.15168746
710	71000	0.012375665	0.14161034	0.016865844	0.15394822
711	71100	0.022303246	0.13979526	0.01515452	0.15034124
712	71200	0.016054695	0.12397327	0.02126368	0.15086141
713	71300	0.016033081	0.14666954	0.015335643	0.15353617
714	71400	0.016279208	0.13657884	0.01387858	0.15282747
715	71500	0.015670048	0.1341303	0.014352469	0.15423352
716	71600	0.01124251	0.11960479	0.0152113335	0.1501263
717	71700	0.01982522	0.17380986	0.023187557	0.15148103
718	71800	0.014821346	0.14118417	0.015710702	0.15192682
719	71900	0.013438449	0.11229628	0.015112814	0.15191029
720	72000	0.011364563	0.11283263	0.014786529	0.15180773
721	72100	0.011419749	0.11842818	0.018016867	0.15301768
722	72200	0.020075474	0.1352703	0.0144531755	0.1492058
723	72300	0.013802	0.13772489	0.016842142	0.14965193
724	72400	0.016519256	0.14919037	0.014520009	0.15475664
725	72500	0.014713464	0.11251031	0.020000257	0.15021193
726	72600	0.012028276	0.12588951	0.014220937	0.15027303
727	72700	0.014542218	0.14982335	0.013629302	0.15128103
728	72800	0.015186903	0.13383977	0.015404103	0.15087567
729	72900	0.015061495	0.13781212	0.016236318	0.15143429
730	73000	0.014547421	0.13256942	0.017585194	0.15029345
731	73100	0.014244994	0.1340676	0.013731536	0.15140815
732	73200	0.022056695	0.1317906	0.01800583	0.15069728
733	73300	0.0149371335	0.11898193	0.0176415	0.14993691
734	73400	0.013093935	0.11948874	0.016459197	0.15155388
735	73500	0.012579321	0.12215084	0.014151	0.15055612
736	73600	0.016720034	0.123780854	0.013389081	0.14888184
737	73700	0.020778054	0.14358276	0.014671683	0.1497068
738	73800	0.012280049	0.12292439	0.013970542	0.15167706
739	73900	0.018016273	0.133931	0.01824244	0.15116534
740	74000	0.014315555	0.11835531	0.014427032	0.14953369
741	74100	0.014718266	0.12990929	0.013566641	0.15262645
742	74200	0.018338397	0.14576063	0.021276603	0.15205345
743	74300	0.02178593	0.12847349	0.028328296	0.15240288
744	74400	0.020620069	0.12430711	0.01665095	0.15153626
745	74500	0.01591834	0.13661493	0.018562673	0.15182509
746	74600	0.020715602	0.12586084	0.015370941	0.1523635
747	74700	0.021037878	0.13044223	0.013813019	0.15183558
748	74800	0.016584598	0.13367786	0.014274547	0.15104884
749	74900	0.01592819	0.12622133	0.014303487	0.1504237
750	75000	0.017590048	0.14480475	0.01499298	0.1520548
751	75100	0.015192787	0.13255064	0.014050395	0.1528302
752	75200	0.01607363	0.119254455	0.016605325	0.15121767
753	75300	0.012894846	0.110539146	0.0148526495	0.1499332
754	75400	0.014956847	0.1244593	0.015738524	0.15169887
755	75500	0.0192877	0.13974597	0.019580435	0.15049703
756	75600	0.014067998	0.15205362	0.017323302	0.15183596
757	75700	0.014630045	0.11773455	0.014788108	0.14964838
758	75800	0.015257478	0.11064913	0.014298044	0.14954738
759	75900	0.021337854	0.12800084	0.0324555	0.15320845
760	76000	0.020177804	0.15946129	0.04104248	0.15088591
761	76100	0.0147192	0.12329021	0.018342845	0.15092345
762	76200	0.018946934	0.14348212	0.02570867	0.15027434
763	76300	0.017219469	0.1470841	0.014895172	0.15103972
764	76400	0.016496794	0.122166745	0.017336171	0.15101099
765	76500	0.015450631	0.12378994	0.014282582	0.15063891
766	76600	0.014127816	0.11486694	0.019474285	0.15119903
767	76700	0.0209891	0.13325617	0.014353739	0.15298298
768	76800	0.013769712	0.11379384	0.015386301	0.1506831
769	76900	0.0209664	0.15628038	0.0243307	0.15353176
770	77000	0.01368598	0.11721644	0.014101613	0.15120031
771	77100	0.013165712	0.12888417	0.013925476	0.14881584
772	77200	0.015577524	0.13612325	0.015257569	0.15024604
773	77300	0.0147136105	0.13792495	0.016449226	0.14957848
774	77400	0.015167633	0.13532315	0.014804841	0.15072273
775	77500	0.014070486	0.119272836	0.018195242	0.14896913
776	77600	0.018955002	0.14100784	0.013644205	0.1539629
777	77700	0.013922282	0.115692146	0.013914387	0.15233272
778	77800	0.017459389	0.118984975	0.016778868	0.15024477
779	77900	0.02092158	0.11737336	0.025122378	0.15005791
780	78000	0.014978615	0.12461751	0.016109772	0.15052658
781	78100	0.011499213	0.120494395	0.013868409	0.149726
782	78200	0.015139481	0.11130965	0.014129791	0.14908229
783	78300	0.016234105	0.15014242	0.014537506	0.15048985
784	78400	0.01540483	0.113591745	0.020920357	0.14980684
785	78500	0.020897247	0.14381422	0.018939411	0.14984542
786	78600	0.012615962	0.12951085	0.014073689	0.14968307
787	78700	0.0121354405	0.11730289	0.015157777	0.15087132
788	78800	0.017309615	0.1397675	0.0145360315	0.1494178
789	78900	0.013550403	0.13166542	0.013969574	0.1509216
790	79000	0.02360775	0.12794417	0.014861704	0.1506188
791	79100	0.01397518	0.12736876	0.015510151	0.15065433
792	79200	0.013147671	0.13291934	0.013725485	0.14873534
793	79300	0.014207637	0.1288101	0.015711365	0.1492268
794	79400	0.013219639	0.119590275	0.016692607	0.15006867
795	79500	0.013516547	0.1299899	0.015659992	0.14989333
796	79600	0.01965808	0.122906715	0.022465518	0.1514216
797	79700	0.016665412	0.13076755	0.016429393	0.15118098
798	79800	0.016169228	0.14188585	0.027781473	0.15394048
799	79900	0.015807524	0.14764924	0.013612314	0.1494112
800	80000	0.013332985	0.119968146	0.017155152	0.14984061
801	80100	0.014997138	0.13917057	0.013485922	0.15003793
802	80200	0.014666972	0.1325174	0.017690532	0.15119366
803	80300	0.011905124	0.12751956	0.01424947	0.15046522
804	80400	0.014557917	0.1246644	0.013534597	0.1504465
805	80500	0.015689064	0.12114474	0.016747944	0.15134658
806	80600	0.014767801	0.10111048	0.0130774425	0.15200344
807	80700	0.011030666	0.11439598	0.016410472	0.15064023
808	80800	0.016571188	0.1273447	0.02225006	0.15060277
809	80900	0.017440964	0.110744305	0.015327454	0.15029994
810	81000	0.0145404	0.11585859	0.01594569	0.15184791
811	81100	0.016139753	0.11869736	0.015837608	0.153321
812	81200	0.014923358	0.12266662	0.018230489	0.1495524
813	81300	0.01800153	0.13870195	0.014591979	0.14920883
814	81400	0.014049002	0.13149002	0.022239024	0.15493363
815	81500	0.017157797	0.12316136	0.018375041	0.1511013
816	81600	0.013492212	0.12604104	0.014174092	0.14858063
817	81700	0.012705681	0.12609217	0.014178873	0.15139617
818	81800	0.015574099	0.13536711	0.016186321	0.15099664
819	81900	0.013561337	0.1284843	0.014780019	0.14870489
820	82000	0.01663447	0.14252678	0.022130635	0.15312013
821	82100	0.011922926	0.1262038	0.013731893	0.14967713
822	82200	0.020134363	0.13440093	0.018203786	0.14910701
823	82300	0.015651092	0.12651709	0.013480072	0.15071175
824	82400	0.013094814	0.12513201	0.013290965	0.14946903
825	82500	0.013972617	0.12277672	0.014726867	0.15342423
826	82600	0.018145952	0.13241373	0.013754832	0.14996265
827	82700	0.011821976	0.14476995	0.013967285	0.1506467
828	82800	0.011177492	0.11611922	0.013748119	0.14959933
829	82900	0.011547271	0.12246989	0.014214019	0.15159734
830	83000	0.015133412	0.11987135	0.01418991	0.15031347
831	83100	0.016022846	0.13062356	0.014331462	0.14987841
832	83200	0.01638712	0.14224382	0.014710897	0.14963824
833	83300	0.013701721	0.11068136	0.015901439	0.15119518
834	83400	0.011405925	0.11495572	0.021044921	0.15178792
835	83500	0.019254396	0.12201793	0.03344991	0.14851259
836	83600	0.016166657	0.12064781	0.02269465	0.15181747
837	83700	0.011632703	0.13687453	0.014598085	0.149628
838	83800	0.012505699	0.1112356	0.013493957	0.15119445
839	83900	0.014698984	0.1194665	0.014760385	0.14970802
840	84000	0.016478235	0.12863083	0.017143454	0.15079816
841	84100	0.018451046	0.12938423	0.022782184	0.15031098
842	84200	0.017046161	0.11963942	0.018957164	0.14943488
843	84300	0.02070236	0.13986069	0.018604023	0.14966947
844	84400	0.01244802	0.115697734	0.017996164	0.14961424
845	84500	0.00979341	0.12366208	0.013769278	0.150239
846	84600	0.010295419	0.11320445	0.013552704	0.14872065
847	84700	0.0168507	0.15374985	0.015665947	0.1538663
848	84800	0.014782688	0.13096632	0.014358062	0.149263
849	84900	0.015260013	0.14249675	0.014908701	0.14871036
850	85000	0.014087893	0.11787015	0.013784534	0.14829585
851	85100	0.014835201	0.14356004	0.013664195	0.14864706
852	85200	0.010821573	0.122087166	0.014026592	0.15110996
853	85300	0.016124237	0.11167286	0.016287027	0.14982224
854	85400	0.013483904	0.13655798	0.020310974	0.1500173
855	85500	0.02053245	0.12891002	0.016040547	0.1495487
856	85600	0.015252596	0.12639774	0.0140155535	0.15157697
857	85700	0.012758724	0.12470482	0.013635103	0.1520512
858	85800	0.018977784	0.13494393	0.030201873	0.14969684
859	85900	0.012863471	0.123579964	0.013523814	0.14950398
860	86000	0.01760732	0.12939481	0.019040883	0.15206821
861	86100	0.015577875	0.13138363	0.028096365	0.1500452
862	86200	0.011483068	0.107737586	0.02027298	0.14807011
863	86300	0.012167874	0.12240896	0.013239951	0.1490171
864	86400	0.013955669	0.1334463	0.017054496	0.14993422
865	86500	0.01186886	0.10561953	0.012951865	0.1496244
866	86600	0.015147911	0.10021726	0.03387451	0.15171354
867	86700	0.016224906	0.12639678	0.013889365	0.15083969
868	86800	0.01723427	0.1445745	0.016745096	0.14971372
869	86900	0.017493282	0.12158675	0.014431712	0.15034404
870	87000	0.010526993	0.108225934	0.017137043	0.15069278
871	87100	0.014541053	0.13721031	0.014071402	0.14825618
872	87200	0.017101754	0.116702184	0.025662689	0.15015122
873	87300	0.015407708	0.12686038	0.02250193	0.15006228
874	87400	0.017350888	0.14209284	0.019561462	0.15531254
875	87500	0.016944632	0.11797321	0.022907156	0.15022586
876	87600	0.018202815	0.11957733	0.016873576	0.14914973
877	87700	0.013811172	0.12736686	0.015289662	0.1490433
878	87800	0.020267984	0.11676658	0.018260092	0.15101105
879	87900	0.014254714	0.13770679	0.013855641	0.149809
880	88000	0.013025382	0.11131683	0.016799927	0.15234682
881	88100	0.014919254	0.122851826	0.016867727	0.14963202
882	88200	0.016602661	0.122605145	0.018321939	0.15009798
883	88300	0.011007789	0.101433404	0.016526133	0.1486831
884	88400	0.012290005	0.13013884	0.01421107	0.15070884
885	88500	0.012468012	0.118048124	0.013847504	0.14945225
886	88600	0.010856751	0.11683513	0.013751882	0.14976756
887	88700	0.017493382	0.10823435	0.013424327	0.14953405
888	88800	0.014565673	0.11090253	0.013603769	0.14831677
889	88900	0.013258196	0.12839173	0.01487386	0.14948483
890	89000	0.012189589	0.12068359	0.013488413	0.15056214
891	89100	0.016979204	0.13933355	0.0136864735	0.14990062
892	89200	0.0124495225	0.11105898	0.013438314	0.14926133
893	89300	0.015418578	0.1273028	0.015806783	0.14989726
894	89400	0.015636992	0.12434888	0.01708145	0.1503992
895	89500	0.014627148	0.12643547	0.016271463	0.15074372
896	89600	0.012364355	0.12869154	0.013334299	0.14891651
897	89700	0.0119415	0.13539688	0.0152460225	0.15004061
898	89800	0.012293305	0.1209989	0.013051046	0.14958912
899	89900	0.015371588	0.14957373	0.013470663	0.14960615
900	90000	0.010967064	0.115091614	0.013461303	0.14918622
901	90100	0.0154018635	0.12239876	0.014259084	0.14780745
902	90200	0.015339437	0.12406222	0.019409943	0.14871033
903	90300	0.01632748	0.11258983	0.0133002205	0.14928071
904	90400	0.013643716	0.12365765	0.013635509	0.1499331
905	90500	0.017664941	0.13093284	0.013596089	0.14937592
906	90600	0.016144171	0.12130852	0.020555727	0.15009746
907	90700	0.012686906	0.13194294	0.013687897	0.14891656
908	90800	0.014303261	0.12848404	0.025894523	0.14987852
909	90900	0.013637582	0.10741959	0.020151062	0.14968483
910	91000	0.010460189	0.11548798	0.014131774	0.15024394
911	91100	0.016542694	0.12724692	0.013995667	0.14833365
912	91200	0.01361973	0.11753507	0.015253195	0.14783625
913	91300	0.017641764	0.16327435	0.013529613	0.14790954
914	91400	0.012112608	0.12513663	0.022494404	0.14961904
915	91500	0.0142874345	0.15130891	0.013417917	0.15040836
916	91600	0.016282266	0.12033273	0.018577576	0.14829776
917	91700	0.018912803	0.13762683	0.024015352	0.15134086
918	91800	0.012819163	0.13314506	0.014352621	0.15221901
919	91900	0.019086279	0.14414851	0.031268768	0.15030117
920	92000	0.014150647	0.11542579	0.012783204	0.14861205
921	92100	0.010705207	0.10333367	0.014267119	0.14848633
922	92200	0.010266281	0.11889781	0.017794851	0.14942679
923	92300	0.011478327	0.13449553	0.014340312	0.15088972
924	92400	0.013328557	0.123380505	0.01320221	0.14944793
925	92500	0.01553624	0.12545472	0.014871012	0.14944276
926	92600	0.012294944	0.14506815	0.017604066	0.14892423
927	92700	0.011888018	0.124628834	0.014934946	0.14914094
928	92800	0.019125342	0.14637206	0.013003286	0.15023088
929	92900	0.013216653	0.117802866	0.014836477	0.1492798
930	93000	0.015671752	0.1288456	0.018299915	0.15002894
931	93100	0.013641775	0.11584211	0.015271759	0.1484179
932	93200	0.012447002	0.13261347	0.014182027	0.14884062
933	93300	0.011600128	0.10972561	0.015207723	0.14931762
934	93400	0.013612655	0.14471935	0.01357076	0.14886913
935	93500	0.019062947	0.11812464	0.014848326	0.148874
936	93600	0.018352158	0.113715366	0.018109743	0.14876808
937	93700	0.012806933	0.12993583	0.013569691	0.14959016
938	93800	0.017442575	0.12221024	0.0141279595	0.15059233
939	93900	0.018431248	0.16510046	0.013416443	0.14976211
940	94000	0.014122429	0.12359045	0.018792015	0.15003787
941	94100	0.014594995	0.15880446	0.014956971	0.14948773
942	94200	0.020710353	0.14264038	0.013081309	0.15214615
943	94300	0.012981604	0.12590213	0.013969167	0.15009782
944	94400	0.015081769	0.11843264	0.02861608	0.14985155
945	94500	0.016391698	0.13178985	0.013991191	0.14991745
946	94600	0.01381676	0.11615218	0.013674265	0.14841348
947	94700	0.011946476	0.12109482	0.0134395845	0.14979316
948	94800	0.015011761	0.14201914	0.013310344	0.14951359
949	94900	0.015118742	0.1418606	0.014207968	0.14891778
950	95000	0.012449699	0.12419407	0.015932515	0.15154482
951	95100	0.013099714	0.1289276	0.016176095	0.14977269
952	95200	0.010819524	0.10867219	0.017042186	0.14909369
953	95300	0.015179831	0.12432092	0.020326488	0.14887764
954	95400	0.016238049	0.11622714	0.014880219	0.14939223
955	95500	0.013529332	0.13968986	0.0141275525	0.15086526
956	95600	0.01302008	0.127666	0.013088887	0.14836363
957	95700	0.011921445	0.1363205	0.013764598	0.1523749
958	95800	0.019446295	0.14680986	0.036569417	0.14879023
959	95900	0.014699218	0.12509519	0.013534799	0.1492431
960	96000	0.012011273	0.12562406	0.014791871	0.14786506
961	96100	0.013843468	0.123653814	0.014067077	0.14813803
962	96200	0.01716699	0.1376665	0.012800294	0.15119748
963	96300	0.013309704	0.12104954	0.015653381	0.14844275
964	96400	0.016444333	0.12276926	0.012625377	0.14919128
965	96500	0.012933417	0.13696972	0.018918304	0.14865983
966	96600	0.02448596	0.1257437	0.01504649	0.1515423
967	96700	0.011078138	0.12788826	0.013298492	0.14934884
968	96800	0.019518854	0.11919661	0.015488689	0.1491329
969	96900	0.017486835	0.12874913	0.0182605	0.14889838
970	97000	0.013554883	0.12025416	0.014269511	0.14901198
971	97100	0.017433455	0.11931569	0.015027364	0.14785808
972	97200	0.013114168	0.1266978	0.020365957	0.14789928
973	97300	0.012228022	0.11699908	0.016411694	0.15052551
974	97400	0.01610614	0.13689104	0.013741404	0.14939946
975	97500	0.012720787	0.11678201	0.01316335	0.1478957
976	97600	0.010146007	0.098838374	0.013690187	0.14892879
977	97700	0.018973174	0.14451414	0.013956757	0.14783485
978	97800	0.011613781	0.116380475	0.014059652	0.1494089
979	97900	0.013334721	0.1439435	0.014596506	0.14922155
980	98000	0.012811054	0.12233478	0.012748311	0.14983653
981	98100	0.016858455	0.13456878	0.015530752	0.1488931
982	98200	0.01757197	0.111440815	0.020330047	0.14812833
983	98300	0.011342553	0.10118003	0.01355067	0.14944784
984	98400	0.012264963	0.11189324	0.014449464	0.1488619
985	98500	0.012043623	0.11491643	0.014470012	0.14888722
986	98600	0.018039895	0.12732446	0.032364707	0.1478144
987	98700	0.012553497	0.09152987	0.014358419	0.14942762
988	98800	0.013508447	0.11192337	0.012935232	0.15036662
989	98900	0.010893112	0.12636963	0.013566742	0.148445
990	99000	0.01356734	0.1437832	0.013875478	0.1515848
991	99100	0.012126965	0.13739847	0.012980347	0.14901769
992	99200	0.0104905935	0.10977636	0.013982442	0.14888231
993	99300	0.015343271	0.13285676	0.014238128	0.15021814
994	99400	0.013370922	0.11628826	0.014365031	0.14987078
995	99500	0.017050168	0.15053773	0.020966036	0.14805433
996	99600	0.018315043	0.13113718	0.013909606	0.14790812
997	99700	0.013114673	0.14650562	0.013471525	0.14928773
998	99800	0.0118284775	0.12063715	0.013689422	0.1489038
999	99900	0.012456314	0.122631095	0.013576355	0.14923795
1000	100000	0.013540581	0.11885111	0.013628541	0.14803764
