#epoch	step	MAE/at	MAEF	Val_MAE/at	Val_MAEF
1	100	0.041213088	0.4168037	0.042753603	0.37239012
2	200	0.025319528	0.26012868	0.026171876	0.24857812
3	300	0.022135973	0.22156456	0.022271728	0.21575455
4	400	0.015786828	0.18946896	0.016567994	0.19622181
5	500	0.009125373	0.19041017	0.0077682496	0.17872825
6	600	0.017670047	0.16982608	0.01882477	0.16531266
7	700	0.017614577	0.16376221	0.025553895	0.15507911
8	800	0.007966325	0.16355577	0.01130066	0.1507813
9	900	0.014385195	0.1478025	0.01746521	0.14505532
10	1000	0.0139404535	0.14172104	0.021580506	0.13650098
11	1100	0.017942907	0.1383107	0.024365235	0.12982774
12	1200	0.012613693	0.13727972	0.011735535	0.1258039
13	1300	0.014435165	0.1293795	0.011682129	0.12144579
14	1400	0.008607379	0.12672947	0.007951356	0.11706201
15	1500	0.00939128	0.13151063	0.009721375	0.1191719
16	1600	0.013134028	0.118089125	0.011607361	0.11060903
17	1700	0.00949193	0.122359686	0.005609131	0.10991867
18	1800	0.010339795	0.10780524	0.024716187	0.10730889
19	1900	0.01071559	0.109317675	0.021945192	0.105742835
20	2000	0.015986567	0.10878456	0.027200317	0.104432054
21	2100	0.013262296	0.10165028	0.003869629	0.101284735
22	2200	0.012876634	0.10543492	0.0056015016	0.097903505
23	2300	0.0062769023	0.09885999	0.0087509155	0.0956947
24	2400	0.0106820185	0.10276612	0.01010437	0.09469905
25	2500	0.0119293695	0.09439626	0.026531983	0.094441526
26	2600	0.009767456	0.10212442	0.0076293945	0.09405734
27	2700	0.009329589	0.09320596	0.0099456785	0.09785775
28	2800	0.0067921113	0.08957196	0.019491578	0.09331917
29	2900	0.021369457	0.08810052	0.033714294	0.09286162
30	3000	0.012496722	0.08925707	0.023518372	0.090116054
31	3100	0.009127679	0.08817469	0.0056427005	0.08976706
32	3200	0.012132392	0.09031016	0.03588562	0.08637303
33	3300	0.016563147	0.08745991	0.009129333	0.08583329
34	3400	0.008659928	0.08467609	0.008262634	0.0856141
35	3500	0.0125837475	0.08112045	0.01893921	0.08372957
36	3600	0.0092547275	0.088741936	0.011038208	0.08420728
37	3700	0.01404598	0.08417429	0.0037658692	0.083116874
38	3800	0.008544867	0.083691165	0.010618592	0.083071336
39	3900	0.011197695	0.086038396	0.015838623	0.09266254
40	4000	0.012075653	0.082711846	0.018173218	0.08378003
41	4100	0.009267171	0.0801995	0.00423584	0.081784286
42	4200	0.0074302237	0.081614375	0.004490662	0.08154752
43	4300	0.009384223	0.082666256	0.00730896	0.079909
44	4400	0.011560087	0.07846328	0.008129883	0.07957333
45	4500	0.0148436	0.078088626	0.006134033	0.07876128
46	4600	0.012942765	0.080745	0.019880677	0.0789912
47	4700	0.018158728	0.07808801	0.01744995	0.07771886
48	4800	0.009308511	0.07813554	0.0199646	0.084269255
49	4900	0.010163311	0.07453613	0.005838013	0.079599924
50	5000	0.007035964	0.073108554	0.0042404174	0.0774434
51	5100	0.018829495	0.08082156	0.0188385	0.07867472
52	5200	0.010679942	0.07397415	0.010998535	0.07728484
53	5300	0.01076651	0.07068863	0.009928894	0.07826743
54	5400	0.007363525	0.070057414	0.0038864135	0.075019166
55	5500	0.012483811	0.07497075	0.0096527105	0.07482504
56	5600	0.007906195	0.0767677	0.0048110965	0.08319323
57	5700	0.009171347	0.07501782	0.006768799	0.074588045
58	5800	0.020073086	0.07151397	0.012960816	0.07788683
59	5900	0.0071922243	0.07055629	0.0033309937	0.07483617
60	6000	0.0071812044	0.07552411	0.009236145	0.0750235
61	6100	0.014591556	0.07087674	0.013966369	0.07405421
62	6200	0.00705056	0.069495164	0.0077941897	0.0730102
63	6300	0.007302561	0.06893032	0.0062057497	0.072920226
64	6400	0.0076856916	0.07015789	0.009931946	0.075241864
65	6500	0.010639732	0.066178225	0.021018982	0.074674934
66	6600	0.0069782473	0.066623986	0.0033569336	0.07244234
67	6700	0.009617452	0.06645141	0.0055664065	0.07285346
68	6800	0.009950854	0.06705294	0.003251648	0.07162156
69	6900	0.018501127	0.068103924	0.020429993	0.07179097
70	7000	0.0118419165	0.07007593	0.020217896	0.07605464
71	7100	0.008070241	0.06477222	0.008078003	0.07208622
72	7200	0.008445309	0.068274856	0.0037475587	0.070564464
73	7300	0.008275331	0.0632812	0.005995178	0.06978593
74	7400	0.010674452	0.06797204	0.0045806887	0.07376104
75	7500	0.008667061	0.06829508	0.0026550293	0.069484495
76	7600	0.008486106	0.06365863	0.011207581	0.07082979
77	7700	0.010283455	0.06685914	0.019818116	0.0690469
78	7800	0.021535851	0.06698922	0.030903626	0.06804904
79	7900	0.016011504	0.06838359	0.01959381	0.071587525
80	8000	0.007906746	0.06371893	0.016157532	0.07509377
81	8100	0.008476828	0.06360373	0.008493043	0.06955201
82	8200	0.0101383645	0.06559908	0.0043640137	0.0677433
83	8300	0.016294442	0.06722322	0.010923767	0.068681575
84	8400	0.005464594	0.0633171	0.0032348633	0.07167546
85	8500	0.01233067	0.06527598	0.010388183	0.06567758
86	8600	0.010678356	0.05827807	0.0025878907	0.06715832
87	8700	0.009156011	0.06451169	0.006176758	0.06880931
88	8800	0.0071197497	0.060253274	0.010009766	0.0677237
89	8900	0.010322944	0.06479444	0.0038665773	0.06720015
90	9000	0.008683462	0.062055085	0.002772522	0.065223075
91	9100	0.0095122615	0.061677087	0.009396362	0.06541177
92	9200	0.0048933676	0.061119575	0.002871704	0.07204144
93	9300	0.0058590327	0.06125908	0.0143966675	0.06459822
94	9400	0.010518569	0.06744679	0.03151703	0.067694515
95	9500	0.011469477	0.06391803	0.0047088624	0.065161556
96	9600	0.008850362	0.061863538	0.0031188966	0.06619509
97	9700	0.011510685	0.05666849	0.021479798	0.06672492
98	9800	0.0054806494	0.06322027	0.0070907595	0.06497475
99	9900	0.004851464	0.06467075	0.0027297975	0.07081769
100	10000	0.0072988705	0.060733784	0.004174805	0.06495295
101	10100	0.012203686	0.06357188	0.031936646	0.07513657
102	10200	0.013860786	0.05744011	0.003088379	0.06320227
103	10300	0.0073120063	0.059407882	0.009260559	0.0622427
104	10400	0.005127577	0.060565084	0.003251648	0.06190967
105	10500	0.010538077	0.06317232	0.011244202	0.0672298
106	10600	0.0051720985	0.061962035	0.011857606	0.06238847
107	10700	0.009354672	0.06594051	0.015359498	0.063691564
108	10800	0.003911063	0.057286624	0.0025573731	0.06184215
109	10900	0.0056675114	0.059680536	0.0024017335	0.06293151
110	11000	0.010828304	0.06497988	0.012464905	0.06611104
111	11100	0.011249968	0.058068916	0.008000183	0.06361618
112	11200	0.006282993	0.06268108	0.01280365	0.071525
113	11300	0.009922446	0.058915056	0.0062774657	0.0630975
114	11400	0.0077894134	0.061205387	0.012379455	0.060926132
115	11500	0.0053696497	0.05593656	0.012721253	0.06458861
116	11600	0.0060770675	0.055265397	0.004798889	0.061290536
117	11700	0.009794157	0.059137847	0.0072875977	0.060542196
118	11800	0.011946329	0.060045674	0.010588074	0.060320795
119	11900	0.0053216754	0.05566145	0.006390381	0.063173786
120	12000	0.0076950947	0.056701824	0.0025634766	0.06512673
121	12100	0.0077007026	0.057071093	0.0018951417	0.063213244
122	12200	0.016022544	0.059119944	0.012944031	0.06010957
123	12300	0.006501332	0.0583695	0.0021789551	0.06042608
124	12400	0.010352269	0.06111368	0.01674347	0.06438946
125	12500	0.007954559	0.0605356	0.014006043	0.061874487
126	12600	0.012896675	0.06128914	0.0041900636	0.061529767
127	12700	0.006062296	0.055982288	0.0014129638	0.059625868
128	12800	0.0072196135	0.056325678	0.003048706	0.06271744
129	12900	0.005451233	0.058465745	0.002581787	0.061898425
130	13000	0.011935346	0.057218272	0.0074646	0.05889479
131	13100	0.008079016	0.061275646	0.013212586	0.05932387
132	13200	0.009734492	0.056839075	0.0042129518	0.06368989
133	13300	0.006377011	0.054267928	0.005343628	0.058498353
134	13400	0.0049247537	0.05458011	0.0028503418	0.0604522
135	13500	0.012304749	0.05730084	0.0040908814	0.06434962
136	13600	0.009623257	0.055772744	0.0015274048	0.058695138
137	13700	0.0038674772	0.052747644	0.0021377564	0.058586538
138	13800	0.010762863	0.05593845	0.0030197145	0.062233813
139	13900	0.004077335	0.05659807	0.0043411255	0.061227735
140	14000	0.0046936567	0.056573376	0.0020736696	0.05976029
141	14100	0.005259818	0.056018542	0.0015533448	0.05781842
142	14200	0.007639669	0.059289213	0.0032867433	0.05858389
143	14300	0.0074499357	0.056504205	0.012382507	0.05826285
144	14400	0.009333268	0.0550025	0.0013137817	0.05848813
145	14500	0.008236649	0.054496814	0.0042907717	0.061980806
146	14600	0.004958973	0.052442748	0.0036987306	0.06197751
147	14700	0.006719958	0.055820223	0.008566285	0.061982963
148	14800	0.012630346	0.05711659	0.028645325	0.059859987
149	14900	0.009074026	0.05743612	0.008973694	0.057766456
150	15000	0.004677015	0.054594453	0.003540039	0.06097097
151	15100	0.008872505	0.055808365	0.0083175665	0.058788765
152	15200	0.007550145	0.05655066	0.0012390137	0.058878474
153	15300	0.0033035302	0.053433016	0.0018356324	0.056724563
154	15400	0.0120283915	0.056941506	0.012364197	0.069677636
155	15500	0.0074440255	0.05255371	0.010128784	0.056650728
156	15600	0.00892866	0.055616733	0.0041259765	0.056386705
157	15700	0.017436393	0.05201461	0.032229614	0.06157695
158	15800	0.008687616	0.050653916	0.012728882	0.05829799
159	15900	0.005214393	0.05317647	0.015026855	0.05627165
160	16000	0.008285412	0.05586426	0.013093567	0.061123904
161	16100	0.012677383	0.053292472	0.0130172735	0.058783203
162	16200	0.007387734	0.052294374	0.013993836	0.05842087
163	16300	0.0065506836	0.051150803	0.0066879275	0.05635847
164	16400	0.005026989	0.054597452	0.002708435	0.05848113
165	16500	0.0057335333	0.054444548	0.0022277832	0.057319853
166	16600	0.0053019873	0.051195685	0.007217407	0.05677063
167	16700	0.0048725638	0.05327725	0.005670166	0.058251
168	16800	0.0057344316	0.0530926	0.007136536	0.05950197
169	16900	0.007533119	0.0524149	0.00345459	0.05656083
170	17000	0.009480554	0.051996537	0.0038772584	0.057882242
171	17100	0.0072888476	0.04904507	0.0034942627	0.058028724
172	17200	0.008671126	0.05359059	0.0016220093	0.058853153
173	17300	0.011070037	0.058211222	0.0032257081	0.055977333
174	17400	0.006350999	0.056195706	0.005873108	0.057267796
175	17500	0.006446174	0.05270758	0.00834198	0.058297534
176	17600	0.0064375047	0.052497167	0.0051376345	0.05807433
177	17700	0.0039531393	0.054852676	0.002507019	0.05917437
178	17800	0.00465886	0.05343823	0.00866394	0.05636101
179	17900	0.011066332	0.05602339	0.004385376	0.06414849
180	18000	0.0117864655	0.04953701	0.007040405	0.055773802
181	18100	0.0067393277	0.051090993	0.010987855	0.056223333
182	18200	0.008571035	0.051811185	0.023013307	0.055156384
183	18300	0.011246044	0.052138295	0.019754028	0.056059163
184	18400	0.0052251117	0.050472874	0.0017745972	0.057557724
185	18500	0.004675004	0.05534943	0.0023132325	0.0631804
186	18600	0.005680471	0.049069468	0.0027389526	0.055082954
187	18700	0.009557736	0.053316195	0.003442383	0.053558383
188	18800	0.0042850985	0.05345364	0.0046142577	0.056557458
189	18900	0.0071368255	0.05180794	0.0029357912	0.055185348
190	19000	0.0047082016	0.05366524	0.0010955811	0.060232077
191	19100	0.0070526903	0.04886566	0.008792114	0.055083383
192	19200	0.0060659535	0.048888892	0.004095459	0.060177527
193	19300	0.004733924	0.048173174	0.0015899659	0.05349999
194	19400	0.0073097837	0.049698472	0.0073944093	0.057574637
195	19500	0.0044090594	0.055744372	0.0039138794	0.056773525
196	19600	0.010592538	0.05384772	0.0044403076	0.060987134
197	19700	0.009377303	0.05005178	0.02159729	0.05437766
198	19800	0.004992646	0.048254054	0.005760193	0.053318694
199	19900	0.010268185	0.049596544	0.015791321	0.05351323
200	20000	0.008687681	0.04911333	0.018803407	0.05412452
201	20100	0.0055933595	0.04710153	0.004197693	0.054269455
202	20200	0.0091799	0.049804278	0.01631012	0.052758608
203	20300	0.008058298	0.05560786	0.013966369	0.057831895
204	20400	0.007861167	0.04757231	0.0033355714	0.05289282
205	20500	0.003289544	0.051584587	0.007891846	0.054387297
206	20600	0.008539783	0.049396057	0.0017868042	0.052703768
207	20700	0.008562542	0.04761768	0.002632141	0.053454056
208	20800	0.0041056206	0.04886229	0.0057159425	0.05483838
209	20900	0.010634597	0.05163961	0.002079773	0.053948253
210	21000	0.0063072233	0.048613228	0.00521698	0.052719135
211	21100	0.009075845	0.046430655	0.011309815	0.05289177
212	21200	0.0033462592	0.049770202	0.0019943237	0.05228698
213	21300	0.0063456153	0.05172066	0.0015289307	0.055455714
214	21400	0.007245755	0.05097886	0.0048965453	0.053759407
215	21500	0.008218357	0.050607845	0.010583497	0.054786567
216	21600	0.005686287	0.049206547	0.0065979003	0.05339163
217	21700	0.0044195075	0.045383222	0.0019058228	0.052089296
218	21800	0.01056414	0.0519004	0.020301819	0.0553355
219	21900	0.008602746	0.052181385	0.0037292482	0.052320823
220	22000	0.012177115	0.04677409	0.008628845	0.052457914
221	22100	0.0047350205	0.04794605	0.0045440677	0.051663015
222	22200	0.0034040136	0.04714181	0.0015731811	0.05510159
223	22300	0.0050523784	0.048075896	0.0072280886	0.05112519
224	22400	0.006266908	0.048229225	0.0057006837	0.051415157
225	22500	0.004204633	0.048339345	0.0015838624	0.054537695
226	22600	0.004680805	0.04936152	0.0020385743	0.05205241
227	22700	0.009349201	0.047603823	0.019317627	0.050902013
228	22800	0.0055753696	0.0484141	0.0042434693	0.051898282
229	22900	0.0050255423	0.050358344	0.001397705	0.05707151
230	23000	0.0071895025	0.04635762	0.00844574	0.05120647
231	23100	0.0037549043	0.04738827	0.0070480346	0.052189358
232	23200	0.0072488626	0.047388703	0.008291626	0.05241344
233	23300	0.004710556	0.049442947	0.0054122927	0.052553244
234	23400	0.011304991	0.048426043	0.0030334473	0.052793942
235	23500	0.004480982	0.045361247	0.009155273	0.052998096
236	23600	0.0116225	0.047110904	0.0030044557	0.051912732
237	23700	0.004126783	0.04412205	0.0030822754	0.052612323
238	23800	0.0034043412	0.0534238	0.002194214	0.054382246
239	23900	0.0054217037	0.046149906	0.009220886	0.051054094
240	24000	0.005990824	0.045925897	0.005218506	0.049816787
241	24100	0.008367317	0.044923842	0.0018966675	0.051273324
242	24200	0.007000027	0.04659703	0.012426758	0.051745117
243	24300	0.005584648	0.045631416	0.004174805	0.05053143
244	24400	0.01086049	0.052097928	0.0026687623	0.053851347
245	24500	0.0053688446	0.045927342	0.0044555664	0.050762586
246	24600	0.0035417527	0.045320682	0.002445984	0.050833125
247	24700	0.0049877665	0.04789661	0.004966736	0.053002253
248	24800	0.0072622276	0.051528815	0.002584839	0.06154533
249	24900	0.006965125	0.04464402	0.0060073854	0.049871944
250	25000	0.008553051	0.045410372	0.0036361695	0.050768435
251	25100	0.005339436	0.04613782	0.0068893433	0.05094159
252	25200	0.005748048	0.045113616	0.004376221	0.050979737
253	25300	0.0028568346	0.04750878	0.0014648438	0.052556217
254	25400	0.004483634	0.044891655	0.0015182495	0.05146319
255	25500	0.0038884492	0.04408502	0.0010223389	0.05113516
256	25600	0.0033861017	0.048701353	0.0018325805	0.049890567
257	25700	0.0058967452	0.04708354	0.005143738	0.053946793
258	25800	0.0066334116	0.04293833	0.008602905	0.049568783
259	25900	0.0057755047	0.04490066	0.0021316528	0.04989253
260	26000	0.013973664	0.047338013	0.017193604	0.05094739
261	26100	0.0034843583	0.044324122	0.0018157959	0.049649462
262	26200	0.006581448	0.046365764	0.0017242432	0.05739637
263	26300	0.0037457435	0.044253163	0.0042526247	0.049484264
264	26400	0.00978218	0.043626	0.0116790775	0.049829435
265	26500	0.0025329683	0.045296255	0.006884766	0.052669946
266	26600	0.009302664	0.0455858	0.021240234	0.051035415
267	26700	0.010409685	0.047196645	0.011177063	0.04988389
268	26800	0.005140835	0.046345044	0.00913086	0.05115689
269	26900	0.004982179	0.045338083	0.0065292357	0.051462714
270	27000	0.009654377	0.04274093	0.015167236	0.04966875
271	27100	0.0034336979	0.045262095	0.0076858522	0.04925225
272	27200	0.0029896216	0.04733428	0.0049987794	0.050520167
273	27300	0.0029536965	0.044339534	0.0015640259	0.050004475
274	27400	0.0055204877	0.046857964	0.008276368	0.053627156
275	27500	0.0061472664	0.04514767	0.011799621	0.050844632
276	27600	0.0032596462	0.04795459	0.0042510987	0.054475375
277	27700	0.0046985997	0.044180676	0.0077713015	0.04856638
278	27800	0.00513238	0.044333316	0.0059906007	0.049585547
279	27900	0.0063003744	0.04662587	0.006578064	0.048907865
280	28000	0.0076428605	0.044051252	0.010745239	0.04920974
281	28100	0.0033403765	0.04159468	0.0034088136	0.048920695
282	28200	0.003916774	0.046937313	0.0015701294	0.050200097
283	28300	0.0047322987	0.04295416	0.008831787	0.051104065
284	28400	0.0070443163	0.04969954	0.0015747071	0.051747963
285	28500	0.006569496	0.042472485	0.0016143799	0.050495658
286	28600	0.0049574478	0.042178422	0.0016159058	0.050504737
287	28700	0.002793729	0.046141516	0.006062317	0.049595732
288	28800	0.004779611	0.044886157	0.0023086548	0.05007792
289	28900	0.0068147364	0.04361824	0.005882263	0.04908038
290	29000	0.0042401706	0.04324633	0.0011932374	0.05085853
291	29100	0.0035061163	0.04442555	0.0017288208	0.049257275
292	29200	0.0064548324	0.045201816	0.0027114868	0.0489057
293	29300	0.004122435	0.04249374	0.0061843875	0.049097896
294	29400	0.0043542455	0.041700475	0.0064865113	0.04854474
295	29500	0.006795139	0.042582586	0.0022613525	0.049335636
296	29600	0.003936485	0.044191528	0.011595154	0.047915336
297	29700	0.005921721	0.043546572	0.0035705566	0.05085046
298	29800	0.0070383786	0.048272625	0.0038497925	0.049391057
299	29900	0.0034273844	0.046593547	0.004437256	0.05193675
300	30000	0.009119168	0.0418371	0.0027191162	0.047980342
301	30100	0.0023831786	0.040139638	0.0015014649	0.049934223
302	30200	0.0034241448	0.04123712	0.0019866943	0.049851716
303	30300	0.005147016	0.042545963	0.0042022704	0.048513956
304	30400	0.00379698	0.041525465	0.0017745972	0.050146367
305	30500	0.007315053	0.044271756	0.005473328	0.048021927
306	30600	0.0065376866	0.042661723	0.0027877807	0.054303683
307	30700	0.006295754	0.04366539	0.01205597	0.049993712
308	30800	0.0034571313	0.04405978	0.0007888794	0.048438884
309	30900	0.010243405	0.042630676	0.0041320804	0.048506875
310	31000	0.00580892	0.04514585	0.0033538819	0.052088503
311	31100	0.00944717	0.042005118	0.0028305054	0.051060643
312	31200	0.007185027	0.043987136	0.011781312	0.047453377
313	31300	0.002860492	0.044428084	0.0012710572	0.051297504
314	31400	0.0050528753	0.04229129	0.0037704469	0.0483142
315	31500	0.0072203283	0.041531287	0.0012008668	0.04852516
316	31600	0.002826756	0.040675208	0.0009567261	0.047671415
317	31700	0.003707619	0.044186063	0.0014907838	0.050734673
318	31800	0.005830865	0.04183472	0.018005371	0.048469864
319	31900	0.0028614968	0.04436586	0.0026916505	0.048011363
320	32000	0.004076477	0.04440979	0.0014846802	0.0477067
321	32100	0.0067323474	0.0439684	0.0047485353	0.049192216
322	32200	0.0051741777	0.044447888	0.0012908935	0.049065735
323	32300	0.0040758825	0.044511613	0.0026916505	0.0491067
324	32400	0.010644659	0.044460718	0.002900696	0.055272732
325	32500	0.009848246	0.04244217	0.019317627	0.04726399
326	32600	0.0037015444	0.04294004	0.00082244875	0.048545003
327	32700	0.0055074184	0.043577246	0.0059921267	0.05167792
328	32800	0.0034859523	0.04382971	0.0018447876	0.047602996
329	32900	0.0038899104	0.043240994	0.0014083863	0.049886525
330	33000	0.004760425	0.04215464	0.012413025	0.046709746
331	33100	0.0081516765	0.04052001	0.001034546	0.048004106
332	33200	0.0042397417	0.04367012	0.004138184	0.047188014
333	33300	0.0047686007	0.044086687	0.004084778	0.05429622
334	33400	0.009340453	0.04212575	0.0075912476	0.05485453
335	33500	0.006032974	0.040080443	0.0062210085	0.047055423
336	33600	0.006964327	0.04454617	0.0053512575	0.049715146
337	33700	0.0059456136	0.04165081	0.0072891237	0.04948784
338	33800	0.0041757193	0.040300563	0.0056411745	0.04890634
339	33900	0.0071717696	0.042546127	0.0022125244	0.0493623
340	34000	0.0031932082	0.04121381	0.0018417359	0.047140785
341	34100	0.0046713334	0.04295254	0.008032227	0.04955292
342	34200	0.0039562564	0.040697053	0.005809021	0.046601154
343	34300	0.0041360175	0.042014845	0.0023223876	0.04829753
344	34400	0.0045820824	0.039707996	0.0033126832	0.046631113
345	34500	0.004053237	0.043732777	0.004260254	0.0474319
346	34600	0.0038148863	0.04159118	0.0025039674	0.046191543
347	34700	0.0042334762	0.03941275	0.0063827517	0.048631974
348	34800	0.007642537	0.040020224	0.013308716	0.04920568
349	34900	0.01232678	0.042877693	0.007937622	0.052535493
350	35000	0.0031576203	0.039852418	0.0031723024	0.04712519
351	35100	0.0055334703	0.039797235	0.011253357	0.047485325
352	35200	0.006615959	0.04054729	0.0016860962	0.04629173
353	35300	0.003975821	0.040229134	0.0028305054	0.04872778
354	35400	0.004663411	0.040156465	0.0013763428	0.047467407
355	35500	0.004912979	0.04100253	0.0028762817	0.04695059
356	35600	0.0044402997	0.041580178	0.004412842	0.04649701
357	35700	0.0029743104	0.038876146	0.0011810303	0.047656506
358	35800	0.00491016	0.03974934	0.0020126344	0.047622558
359	35900	0.003956871	0.04249395	0.008757019	0.046113413
360	36000	0.0034010536	0.041059703	0.0010940552	0.046386667
361	36100	0.0073471186	0.041494224	0.013235474	0.04648019
362	36200	0.005045725	0.0441635	0.0010040284	0.046613544
363	36300	0.0054585375	0.038982935	0.008747864	0.04594004
364	36400	0.0034822074	0.04068442	0.0017669678	0.04644699
365	36500	0.0047331327	0.041703023	0.0033843995	0.045933004
366	36600	0.003200233	0.043381363	0.002180481	0.05198397
367	36700	0.006308683	0.040432584	0.004359436	0.04583747
368	36800	0.0026191964	0.0409463	0.0032836914	0.04692773
369	36900	0.0074396124	0.03761707	0.0077560428	0.045892756
370	37000	0.004134909	0.041027416	0.0013229371	0.045664985
371	37100	0.0033448595	0.037846833	0.0017181396	0.045359813
372	37200	0.00552252	0.040022243	0.0010635377	0.047253773
373	37300	0.0020643128	0.041824125	0.0016021729	0.050304167
374	37400	0.004877853	0.0418019	0.0053115846	0.046719436
375	37500	0.0036941597	0.038899194	0.005548096	0.04749992
376	37600	0.009935871	0.040419176	0.012646484	0.049169388
377	37700	0.0077650324	0.040448524	0.0157547	0.04801485
378	37800	0.0035630504	0.040091835	0.0022583008	0.04620039
379	37900	0.004253339	0.04037452	0.007171631	0.046425726
380	38000	0.0035511556	0.040617067	0.0037887574	0.04642244
381	38100	0.0029334826	0.0432909	0.0057373047	0.046083372
382	38200	0.0039044765	0.03988751	0.004211426	0.047161777
383	38300	0.003433958	0.042913582	0.0025421144	0.047115307
384	38400	0.0021370666	0.041504405	0.0024215698	0.05034706
385	38500	0.0027069878	0.041663352	0.0015289307	0.04657235
386	38600	0.003566398	0.040132824	0.001210022	0.045958985
387	38700	0.007924011	0.03894648	0.0025985718	0.04494422
388	38800	0.003979256	0.039267555	0.003338623	0.049455646
389	38900	0.007096389	0.037835315	0.0026733398	0.046103124
390	39000	0.005382208	0.040309384	0.006051636	0.050526615
391	39100	0.0039279084	0.039262544	0.0029754639	0.046130024
392	39200	0.004066131	0.04120971	0.0038085938	0.05216461
393	39300	0.0023989794	0.040101748	0.0020660402	0.046313867
394	39400	0.0061491393	0.039049234	0.0020507814	0.04681679
395	39500	0.0032686668	0.040244788	0.001928711	0.045869123
396	39600	0.0030166847	0.039181873	0.004353333	0.046966027
397	39700	0.0059588035	0.04047993	0.002081299	0.045331914
398	39800	0.003758954	0.038009673	0.003086853	0.04565452
399	39900	0.0018800232	0.0389523	0.001260376	0.047679935
400	40000	0.005766385	0.03802137	0.0068618776	0.046445325
401	40100	0.005132262	0.04122904	0.007107544	0.046654496
402	40200	0.0030624387	0.03876462	0.0024551393	0.048542567
403	40300	0.003967705	0.0397721	0.0032577515	0.048363227
404	40400	0.0026027698	0.041135192	0.0016342163	0.046777137
405	40500	0.008152416	0.037545383	0.0032363893	0.04507774
406	40600	0.0032183246	0.039567303	0.0037490844	0.045753706
407	40700	0.004971327	0.038623977	0.0058654784	0.04620197
408	40800	0.0064560585	0.04017385	0.0074646	0.051116463
409	40900	0.0037514693	0.03687065	0.005433655	0.045990206
410	41000	0.0020712889	0.0387698	0.004219055	0.045024525
411	41100	0.005115622	0.03653388	0.0064743045	0.04672496
412	41200	0.0058737844	0.04055332	0.008337403	0.046849467
413	41300	0.0043464657	0.036214434	0.0013687134	0.045416113
414	41400	0.002653195	0.03980881	0.0024688721	0.046285298
415	41500	0.0045879832	0.04012007	0.004260254	0.04483992
416	41600	0.004236871	0.039515153	0.0062194825	0.04857536
417	41700	0.00520919	0.036899976	0.0071899416	0.04556235
418	41800	0.0037098401	0.03777743	0.0014434814	0.046135843
419	41900	0.006060202	0.040176563	0.0070510865	0.046748973
420	42000	0.0037408671	0.038413107	0.0026382448	0.045536328
421	42100	0.002613234	0.03790419	0.0011428833	0.045402125
422	42200	0.0066563473	0.038920633	0.005787659	0.04557945
423	42300	0.003001046	0.039638855	0.0015975953	0.04545862
424	42400	0.00374784	0.037815597	0.0030349733	0.044648506
425	42500	0.0051647187	0.038071025	0.0062332153	0.04576231
426	42600	0.0023597062	0.039513234	0.0016860962	0.046129774
427	42700	0.0045432984	0.03772891	0.002496338	0.047088277
428	42800	0.002246026	0.037280258	0.001145935	0.045974266
429	42900	0.004357337	0.03859978	0.0021850585	0.045587417
430	43000	0.0036513514	0.03762708	0.00064544677	0.045408558
431	43100	0.0074201673	0.03854235	0.0023483278	0.04467443
432	43200	0.0045675556	0.038596187	0.006306458	0.045848392
433	43300	0.006002047	0.036483206	0.004736328	0.046445932
434	43400	0.0027635796	0.038091343	0.0013534547	0.04641531
435	43500	0.0058970493	0.03943618	0.0014297486	0.04623999
436	43600	0.004327568	0.03910736	0.0027313232	0.044893507
437	43700	0.0021438035	0.036929674	0.004389954	0.045864586
438	43800	0.004557911	0.03816178	0.002005005	0.0446927
439	43900	0.0048025246	0.039353188	0.00131073	0.049352556
440	44000	0.0068255924	0.037472628	0.00080261234	0.045343194
441	44100	0.0044428455	0.03821988	0.0006469727	0.045713138
442	44200	0.005726221	0.04022049	0.0025039674	0.044602618
443	44300	0.0044274027	0.037641563	0.002043152	0.0441985
444	44400	0.00402332	0.039020825	0.0007583618	0.049538195
445	44500	0.0037771855	0.038751446	0.002456665	0.046024896
446	44600	0.003988121	0.038045797	0.004412842	0.044655867
447	44700	0.006412071	0.037881784	0.0077484134	0.04546145
448	44800	0.0031281477	0.03958002	0.001876831	0.044854593
449	44900	0.006226452	0.03598317	0.006842041	0.04538064
450	45000	0.0053507965	0.03729788	0.0018569947	0.045023948
451	45100	0.0041705896	0.040363107	0.0029022216	0.048563182
452	45200	0.0046003456	0.038515408	0.0026428222	0.045154437
453	45300	0.005769875	0.03807316	0.003567505	0.047094133
454	45400	0.0031762314	0.037521277	0.0015411377	0.044168957
455	45500	0.0022575513	0.037996996	0.0024261475	0.04627161
456	45600	0.006594822	0.039203275	0.0019714355	0.045317445
457	45700	0.0049569015	0.037734523	0.0023147583	0.046462458
458	45800	0.0029248234	0.037521705	0.0058044433	0.04456953
459	45900	0.0031989687	0.03774492	0.0036773682	0.046081085
460	46000	0.0021333648	0.03817209	0.002119446	0.044235084
461	46100	0.006099591	0.038181968	0.011624145	0.044626933
462	46200	0.0034212207	0.039685477	0.0025192262	0.047146555
463	46300	0.0045891013	0.03864436	0.0055816653	0.04653088
464	46400	0.003558785	0.036291614	0.0045394897	0.04460028
465	46500	0.0034030601	0.03870709	0.006732178	0.04463145
466	46600	0.0022367365	0.037563976	0.00046997072	0.04622968
467	46700	0.0065693706	0.04008768	0.0026626587	0.047131546
468	46800	0.0029276642	0.038448878	0.0023757934	0.04442034
469	46900	0.006075245	0.035962336	0.0065261843	0.045690723
470	47000	0.0032112475	0.038244512	0.0035522461	0.045706704
471	47100	0.0036162438	0.039240953	0.000843811	0.047981836
472	47200	0.00244931	0.03667461	0.00072784425	0.04474722
473	47300	0.004406929	0.037200242	0.007348633	0.044377778
474	47400	0.003204118	0.036322847	0.0014099121	0.045518506
475	47500	0.011350383	0.038973287	0.018045044	0.045385104
476	47600	0.0032927985	0.03694164	0.0011825562	0.044047453
477	47700	0.003992184	0.037905708	0.002534485	0.04430794
478	47800	0.0028505656	0.036528144	0.010856628	0.044305246
479	47900	0.003858105	0.040191025	0.0017166138	0.04494373
480	48000	0.0044561443	0.037693508	0.0054901126	0.045548823
481	48100	0.0035967787	0.0403331	0.0042922976	0.049952816
482	48200	0.008416762	0.03809976	0.009391785	0.047304735
483	48300	0.0035979047	0.040227536	0.0020202638	0.04491639
484	48400	0.0021632682	0.037964568	0.0011978149	0.044011787
485	48500	0.0027564783	0.038171258	0.0030792237	0.044514626
486	48600	0.004323374	0.03639965	0.01068573	0.04408375
487	48700	0.0027414171	0.03669172	0.0022598268	0.04348724
488	48800	0.0055969832	0.038631666	0.005535889	0.04618157
489	48900	0.0052586617	0.03620439	0.0051589967	0.043783717
490	49000	0.007804832	0.03714015	0.0071121217	0.04464925
491	49100	0.0026625548	0.038300786	0.0035354614	0.046351936
492	49200	0.002879785	0.040240113	0.0011032105	0.04411672
493	49300	0.0058859405	0.034588493	0.0035003664	0.043562062
494	49400	0.004782063	0.036943864	0.003791809	0.046776194
495	49500	0.004933606	0.03973902	0.0013198853	0.04475245
496	49600	0.003318039	0.03635536	0.002836609	0.04461052
497	49700	0.004329067	0.037001025	0.00680542	0.044003043
498	49800	0.005169526	0.0363478	0.006617737	0.04462117
499	49900	0.0019191758	0.03753777	0.0006362915	0.04425718
500	50000	0.0025801791	0.039443657	0.0016616822	0.044057816
501	50100	0.0030906587	0.03699198	0.0025146485	0.044291623
502	50200	0.004158003	0.03484836	0.0054504396	0.04357617
503	50300	0.0027392888	0.036167663	0.00092315674	0.04372875
504	50400	0.0037344813	0.037681896	0.0040298463	0.046576563
505	50500	0.0057761148	0.036972106	0.003250122	0.044228785
506	50600	0.0022062853	0.036416087	0.0008010864	0.043846406
507	50700	0.0032964891	0.03721732	0.008125305	0.043275088
508	50800	0.003956024	0.036995865	0.0013061523	0.044035852
509	50900	0.004378233	0.035478026	0.001387024	0.043464445
510	51000	0.0037422336	0.036717728	0.0068969727	0.04461971
511	51100	0.0058584753	0.034945372	0.00069274905	0.044466205
512	51200	0.004615738	0.03688093	0.0027755739	0.044839155
513	51300	0.0049369736	0.036756393	0.0077941897	0.045875795
514	51400	0.0038649633	0.03540413	0.011932373	0.044674877
515	51500	0.0022016983	0.035108805	0.0011291504	0.0450913
516	51600	0.0046839626	0.035341863	0.007939148	0.043968838
517	51700	0.0024211342	0.0349319	0.0008361816	0.043129366
518	51800	0.002195023	0.03801252	0.0070770266	0.045133032
519	51900	0.003005354	0.039957568	0.0010482789	0.043522503
520	52000	0.0024930043	0.036289584	0.0016906739	0.044067986
521	52100	0.0017018643	0.035210066	0.0010162353	0.04511182
522	52200	0.0024166228	0.03683949	0.0033493042	0.043753188
523	52300	0.0031746866	0.03777127	0.0006378174	0.04458586
524	52400	0.0034527488	0.034700148	0.0053375247	0.04323684
525	52500	0.004472936	0.036909122	0.0054885866	0.043123443
526	52600	0.003483074	0.035868272	0.0048965453	0.043754034
527	52700	0.0034158605	0.03856274	0.0045822146	0.047454745
528	52800	0.007072015	0.035179477	0.0033432008	0.043534163
529	52900	0.0049661845	0.036377575	0.0032684326	0.043544833
530	53000	0.0037448483	0.03944598	0.0026870728	0.049564697
531	53100	0.0014863143	0.03746184	0.0010253907	0.044397246
532	53200	0.0029293173	0.036862828	0.001335144	0.044325024
533	53300	0.003778443	0.037171103	0.00092468265	0.044175923
534	53400	0.0026542398	0.03825407	0.0016433717	0.043746855
535	53500	0.0020463904	0.035021365	0.0023040771	0.044615097
536	53600	0.0041823685	0.035733383	0.0017822266	0.044463493
537	53700	0.0021736904	0.035800293	0.0018081665	0.04387591
538	53800	0.0020103054	0.03788648	0.0012283325	0.04369052
539	53900	0.0056068427	0.035954494	0.006361389	0.043612305
540	54000	0.004813783	0.035533614	0.004605103	0.043512158
541	54100	0.0035182594	0.035744216	0.0041641234	0.043196075
542	54200	0.0022318894	0.03668772	0.0018951417	0.042981006
543	54300	0.0062831677	0.036188684	0.0077926638	0.043435607
544	54400	0.0025075304	0.034859117	0.0016754151	0.04494231
545	54500	0.004568312	0.035900507	0.0030166626	0.04310066
546	54600	0.0023199806	0.034777306	0.002900696	0.042527683
547	54700	0.005501348	0.037569802	0.0010620117	0.045215208
548	54800	0.0018402616	0.037946396	0.0029296875	0.04781932
549	54900	0.002910689	0.03653097	0.0029678345	0.043059155
550	55000	0.0059374184	0.03470744	0.007850647	0.042775176
551	55100	0.0031677678	0.035869617	0.0011749268	0.043729667
552	55200	0.003942156	0.035175107	0.0007064819	0.04304279
553	55300	0.0039058405	0.037291437	0.0062164306	0.043143146
554	55400	0.0023240256	0.037391126	0.0017028808	0.046076346
555	55500	0.0047823936	0.03412602	0.005303955	0.043496244
556	55600	0.0032882926	0.036392078	0.0021041872	0.04395644
557	55700	0.0037267255	0.033679776	0.0036483766	0.04286925
558	55800	0.0021844383	0.038066316	0.00088806154	0.044189144
559	55900	0.0018436607	0.038296133	0.003036499	0.043667603
560	56000	0.003721501	0.034668736	0.0017120362	0.04346241
561	56100	0.0018465305	0.03568479	0.0012878418	0.043040983
562	56200	0.0024494592	0.035719182	0.005305481	0.045617193
563	56300	0.006781506	0.03633952	0.013043213	0.044096373
564	56400	0.0014695119	0.036979772	0.0030090332	0.04382544
565	56500	0.0028985145	0.03313189	0.0048248293	0.043778334
566	56600	0.0029506357	0.03550555	0.0045547485	0.044049356
567	56700	0.0027292415	0.03425558	0.00088806154	0.04360411
568	56800	0.002561894	0.0396664	0.0031707764	0.043730278
569	56900	0.002630329	0.034221727	0.0033859254	0.042740267
570	57000	0.001698545	0.03451594	0.0019699098	0.043171454
571	57100	0.0019441331	0.038161494	0.001045227	0.04452152
572	57200	0.0032454282	0.03642851	0.002534485	0.042805497
573	57300	0.002515683	0.03593677	0.0046569826	0.04607819
574	57400	0.0033538463	0.037062332	0.008322144	0.04630302
575	57500	0.0038450635	0.035415217	0.0019378662	0.043211583
576	57600	0.0030945782	0.0376595	0.0059158327	0.044787243
577	57700	0.0032560874	0.035405025	0.004660034	0.04370366
578	57800	0.0028930246	0.03669798	0.0011276245	0.044052072
579	57900	0.0022825452	0.03949162	0.0019226074	0.043702107
580	58000	0.002413657	0.03591189	0.006248474	0.04298016
581	58100	0.0043902267	0.03443278	0.007008362	0.0433984
582	58200	0.0036189167	0.035066012	0.0052505494	0.04493879
583	58300	0.002059389	0.035955515	0.0008865357	0.042858023
584	58400	0.0021393348	0.03548013	0.0006713867	0.04343951
585	58500	0.0021611503	0.0366653	0.0015228272	0.042976774
586	58600	0.0041260743	0.035740662	0.003479004	0.04520071
587	58700	0.004482364	0.033990286	0.0018630981	0.04335973
588	58800	0.0030317071	0.03571438	0.00079956057	0.043848827
589	58900	0.0020161027	0.036604904	0.00093078613	0.04319184
590	59000	0.0035553442	0.036651883	0.0024780275	0.042946763
591	59100	0.002238688	0.034742557	0.00089569093	0.042836256
592	59200	0.005118768	0.037626185	0.004966736	0.043286823
593	59300	0.0024104174	0.035908673	0.003190613	0.043391302
594	59400	0.0025577333	0.034853004	0.0011810303	0.043732144
595	59500	0.003325289	0.037837073	0.011245728	0.04229376
596	59600	0.0017996943	0.037147935	0.0010955811	0.04264882
597	59700	0.0019166924	0.03399018	0.0005889893	0.04247621
598	59800	0.002826575	0.032825455	0.002081299	0.04463904
599	59900	0.004655531	0.034447208	0.0032699585	0.045509625
600	60000	0.0025554164	0.035249155	0.003277588	0.045259785
601	60100	0.0037688636	0.035027437	0.0016174316	0.043017782
602	60200	0.0021089676	0.037236817	0.0014602662	0.042511284
603	60300	0.002141854	0.035540707	0.0042312625	0.043230813
604	60400	0.0039400063	0.034353312	0.0024932863	0.043067813
605	60500	0.004175234	0.03648402	0.0079956055	0.042975668
606	60600	0.0030604096	0.035833403	0.0042922976	0.042312127
607	60700	0.0017725353	0.03491894	0.004486084	0.04302415
608	60800	0.0020632623	0.034516033	0.0016311646	0.04352227
609	60900	0.0024084141	0.033382364	0.0023635866	0.04352351
610	61000	0.002255519	0.036740113	0.0017715454	0.04357234
611	61100	0.0020258205	0.03607707	0.0028320313	0.042796887
612	61200	0.0024037184	0.034523826	0.002581787	0.042792626
613	61300	0.0027017533	0.03577228	0.0057327272	0.042803265
614	61400	0.0019658874	0.033529133	0.0010299683	0.04288491
615	61500	0.0022900507	0.035493687	0.0049468996	0.04296216
616	61600	0.002550673	0.03337628	0.0009643555	0.04256666
617	61700	0.0024048993	0.035263706	0.002571106	0.043835882
618	61800	0.0015255203	0.037034865	0.0016021729	0.043833002
619	61900	0.0022391505	0.036225833	0.004144287	0.042634025
620	62000	0.0033575664	0.034383092	0.00086517335	0.04362561
621	62100	0.004225751	0.03393344	0.003211975	0.043660495
622	62200	0.0024362614	0.033785403	0.003744507	0.042737402
623	62300	0.0017715088	0.034822606	0.0020980835	0.04287538
624	62400	0.0031657289	0.036945764	0.0007843018	0.042945214
625	62500	0.0023616522	0.034637768	0.0016921997	0.0434203
626	62600	0.0013965088	0.034282885	0.00066223147	0.04381371
627	62700	0.0030465464	0.034886338	0.0028671266	0.043504644
628	62800	0.004759045	0.033412423	0.0028930665	0.04337753
629	62900	0.0018420947	0.034660887	0.0014007569	0.042551406
630	63000	0.003086945	0.03444575	0.0007247925	0.042352222
631	63100	0.005664022	0.035495494	0.0028137208	0.045063727
632	63200	0.0022500204	0.034367878	0.0015213013	0.04296334
633	63300	0.0027433215	0.033427496	0.0050720214	0.042201623
634	63400	0.0020860268	0.033855326	0.0024154664	0.043169245
635	63500	0.0032611778	0.036703646	0.0033508302	0.04260224
636	63600	0.0021087313	0.03503707	0.001083374	0.042587806
637	63700	0.0051977225	0.03735017	0.0054122927	0.044303212
638	63800	0.001357426	0.03392887	0.002534485	0.041914105
639	63900	0.002981473	0.035764642	0.0022674561	0.042854957
640	64000	0.004845915	0.03290425	0.008132935	0.0421125
641	64100	0.0035726686	0.03377898	0.0023559572	0.04234494
642	64200	0.0024962684	0.036293898	0.0046096803	0.0455317
643	64300	0.0031632734	0.034323193	0.0018936157	0.042369872
644	64400	0.004148945	0.032861147	0.0022506714	0.042956207
645	64500	0.0018037432	0.03438095	0.0029815675	0.04299047
646	64600	0.0016945107	0.035740092	0.0036315918	0.04236769
647	64700	0.0033443277	0.0346049	0.0012786866	0.042191163
648	64800	0.003165093	0.033462197	0.004551697	0.042874455
649	64900	0.002979801	0.03483206	0.001473999	0.042225577
650	65000	0.0034701615	0.033738837	0.0010360718	0.042138483
651	65100	0.004026842	0.0337771	0.0017440796	0.04316722
652	65200	0.0022559199	0.034095567	0.0013824463	0.041897427
653	65300	0.0025180182	0.03518084	0.0034393312	0.043211274
654	65400	0.0049804607	0.03569106	0.009260559	0.042722855
655	65500	0.0016398666	0.033705004	0.0014053344	0.042068906
656	65600	0.003260473	0.036475137	0.0025558472	0.042370874
657	65700	0.0028725609	0.03477969	0.0017227173	0.042479508
658	65800	0.0025136303	0.03275175	0.00082092284	0.04228017
659	65900	0.0037527345	0.035085548	0.0016143799	0.042054553
660	66000	0.0029915562	0.036319766	0.0058151246	0.045525923
661	66100	0.0026036622	0.034759462	0.0028381348	0.04206039
662	66200	0.00597347	0.03483666	0.013951111	0.043190964
663	66300	0.0014735195	0.032324564	0.0007598877	0.041943423
664	66400	0.0036131158	0.035435304	0.005455017	0.04264592
665	66500	0.0017598922	0.035814643	0.0008666992	0.04243018
666	66600	0.0045484207	0.034816936	0.004211426	0.042047035
667	66700	0.001907007	0.035128728	0.00077972416	0.043029074
668	66800	0.0021242048	0.033271782	0.0009887696	0.043645192
669	66900	0.0024137164	0.03534696	0.0029571534	0.04216808
670	67000	0.0027148342	0.033922717	0.0008590698	0.042788014
671	67100	0.005931762	0.034773648	0.004107666	0.043201294
672	67200	0.0032494173	0.036419716	0.002937317	0.042228665
673	67300	0.0020905337	0.035199337	0.0009384155	0.04244467
674	67400	0.001722424	0.034101993	0.0030563355	0.042697787
675	67500	0.0020534683	0.033634428	0.0011657715	0.042190094
676	67600	0.0019774907	0.034693494	0.0011734009	0.043439016
677	67700	0.002174445	0.03518951	0.0010543823	0.04270785
678	67800	0.002328633	0.034783773	0.0041152956	0.042064495
679	67900	0.0037855965	0.034570117	0.0028213502	0.042239282
680	68000	0.003017053	0.03367409	0.0031677247	0.042649828
681	68100	0.0032971806	0.03669395	0.00078277587	0.04273568
682	68200	0.0038185646	0.033792805	0.0027130127	0.042161983
683	68300	0.0041122683	0.035174586	0.0032562257	0.042137556
684	68400	0.0033412222	0.036299158	0.007814026	0.04350935
685	68500	0.002791116	0.034645878	0.004852295	0.04258812
686	68600	0.0021008975	0.03625007	0.0012771607	0.043211613
687	68700	0.0019810833	0.035561398	0.0020889284	0.042168286
688	68800	0.0031886795	0.03333359	0.0007110596	0.041971043
689	68900	0.0023260217	0.033174373	0.0050369264	0.043016765
690	69000	0.0025871797	0.03300449	0.0011077881	0.04224895
691	69100	0.0019891686	0.034569312	0.002937317	0.042623524
692	69200	0.001863641	0.037586223	0.0007736206	0.041816242
693	69300	0.0033504025	0.036207747	0.0030197145	0.042327255
694	69400	0.001753237	0.033687115	0.001435852	0.042870186
695	69500	0.002444943	0.034234364	0.0057952884	0.04301033
696	69600	0.004019667	0.035495985	0.0031173707	0.043077674
697	69700	0.005705161	0.034647837	0.00680542	0.043028593
698	69800	0.0021610912	0.035688158	0.0011947632	0.041840542
699	69900	0.0029087502	0.034398638	0.0040771486	0.04221688
700	70000	0.0059108017	0.033591904	0.0053085326	0.0441361
701	70100	0.0015873956	0.032209784	0.0025421144	0.04184724
702	70200	0.0027804077	0.03803196	0.0016418457	0.043546647
703	70300	0.0023809108	0.0354994	0.0012329102	0.0439412
704	70400	0.004246334	0.034842707	0.006091309	0.044367142
705	70500	0.006044555	0.034709565	0.008410645	0.042523414
706	70600	0.0014959497	0.034993116	0.0011199951	0.042547517
707	70700	0.0032650733	0.03367723	0.0056396485	0.042869233
708	70800	0.0032893443	0.033350546	0.0017944336	0.0428093
709	70900	0.002140333	0.03385857	0.00388031	0.042162977
710	71000	0.0017654628	0.033682507	0.0030807497	0.042227708
711	71100	0.0017156143	0.03148473	0.0019439697	0.042085186
712	71200	0.0022829482	0.03567495	0.001725769	0.042249277
713	71300	0.0017768416	0.03424451	0.0010894776	0.04164629
714	71400	0.0022408396	0.034006406	0.002661133	0.042128794
715	71500	0.0020619542	0.03387912	0.0036026002	0.04185027
716	71600	0.0017351233	0.03320484	0.0027755739	0.0423294
717	71700	0.0030948045	0.034138955	0.005204773	0.04254939
718	71800	0.0029644181	0.0341871	0.0044815065	0.041552164
719	71900	0.002257617	0.032564357	0.00085754396	0.042454783
720	72000	0.0031879353	0.033725075	0.004779053	0.042876907
721	72100	0.002985722	0.033176154	0.001473999	0.041989982
722	72200	0.0016195094	0.034468945	0.001852417	0.041982744
723	72300	0.0021335527	0.034610603	0.0036148073	0.042336076
724	72400	0.0036084289	0.03588277	0.005497742	0.04325964
725	72500	0.0020518093	0.032427028	0.0022033693	0.041989766
726	72600	0.0016055489	0.035574608	0.0009414673	0.043190718
727	72700	0.0035824734	0.035832267	0.000579834	0.041865125
728	72800	0.0011169349	0.03323228	0.0007736206	0.043604393
729	72900	0.0017180395	0.03340888	0.001361084	0.042726114
730	73000	0.0047592353	0.033470325	0.0016204835	0.04182718
731	73100	0.0018083523	0.03426626	0.0016342163	0.04261817
732	73200	0.0033062734	0.03449868	0.0013717652	0.043872837
733	73300	0.0019936122	0.035127148	0.0007888794	0.042026732
734	73400	0.001902715	0.035217628	0.0006393433	0.042086244
735	73500	0.0030051095	0.034255926	0.00047302246	0.042615242
736	73600	0.0030650275	0.03349294	0.0010086059	0.04255626
737	73700	0.0028233707	0.0345864	0.0018630981	0.04297162
738	73800	0.0039694165	0.034571737	0.0020874024	0.041646443
739	73900	0.003760496	0.033972833	0.006338501	0.042213406
740	74000	0.002781708	0.034327053	0.001991272	0.041556247
741	74100	0.0041096914	0.033633295	0.005319214	0.041878346
742	74200	0.002346169	0.0358782	0.0016983033	0.041775156
743	74300	0.0011766293	0.03364268	0.0013000489	0.04347792
744	74400	0.0018573598	0.035572	0.0012664795	0.041705687
745	74500	0.0016862097	0.035323225	0.0046966556	0.04250026
746	74600	0.0019007691	0.033889085	0.0010910034	0.041649442
747	74700	0.0025902097	0.035586424	0.00234375	0.042904716
748	74800	0.004729563	0.0343619	0.004893494	0.042711213
749	74900	0.003370586	0.03461473	0.0046463013	0.043753274
750	75000	0.004185573	0.03328461	0.004716492	0.04307232
751	75100	0.004041497	0.033981115	0.0023147583	0.04212498
752	75200	0.005922338	0.033014078	0.0018539429	0.04178819
753	75300	0.0024686784	0.03397144	0.0007217407	0.041462336
754	75400	0.0017248625	0.033988986	0.002622986	0.0421954
755	75500	0.0036329462	0.032719627	0.00627594	0.04161777
756	75600	0.0017136745	0.031774566	0.0008407593	0.04190904
757	75700	0.0018715058	0.03475022	0.0018463135	0.041549128
758	75800	0.003315816	0.03404528	0.005935669	0.043367658
759	75900	0.0021734508	0.034901574	0.00079803466	0.042882834
760	76000	0.0016999758	0.032502234	0.0011001587	0.041957438
761	76100	0.0039058963	0.034477204	0.0061614993	0.043460865
762	76200	0.0012047563	0.032794386	0.0021392822	0.041870266
763	76300	0.0029338335	0.035330098	0.0012466431	0.042773012
764	76400	0.002365019	0.03431204	0.002180481	0.042299677
765	76500	0.0023818084	0.03304667	0.0016738892	0.041793596
766	76600	0.0020205423	0.033162337	0.0033691407	0.04124251
767	76700	0.0012896211	0.03270211	0.0012542725	0.04138633
768	76800	0.0014934116	0.03557741	0.0009948731	0.04278706
769	76900	0.0026225084	0.03266132	0.0056976317	0.04232823
770	77000	0.002378879	0.033819284	0.0008178711	0.041460462
771	77100	0.0034230584	0.032585453	0.0042816163	0.04266185
772	77200	0.0029718445	0.03571128	0.0008331299	0.041395966
773	77300	0.0040705707	0.034474693	0.0031082153	0.04120139
774	77400	0.0037985386	0.032044556	0.007870483	0.043377034
775	77500	0.0029914938	0.034071803	0.0006591797	0.041536644
776	77600	0.0027358616	0.034033224	0.002746582	0.04199857
777	77700	0.0019232699	0.033727705	0.0023376464	0.041892212
778	77800	0.0033992392	0.032256246	0.0010772705	0.04165276
779	77900	0.0017010599	0.03326714	0.00082855223	0.041102
780	78000	0.004300364	0.034609646	0.0009811402	0.041395098
781	78100	0.0036002677	0.033674963	0.0013534547	0.04246052
782	78200	0.0026074748	0.034874998	0.004124451	0.042331558
783	78300	0.0019308313	0.031845797	0.0012680053	0.04200126
784	78400	0.0028051606	0.034746166	0.0011932374	0.042308535
785	78500	0.0016790136	0.032222275	0.0007919312	0.041716084
786	78600	0.002229493	0.03320853	0.0010772705	0.04147971
787	78700	0.0044010812	0.033861034	0.0071121217	0.041350573
788	78800	0.0019580682	0.033514295	0.0008346558	0.04217608
789	78900	0.0031903784	0.032587662	0.0039642337	0.041430127
790	79000	0.0037894067	0.03348375	0.000982666	0.041377515
791	79100	0.0026420131	0.034324657	0.001512146	0.041062154
792	79200	0.0036123141	0.031884152	0.0032852173	0.04110426
793	79300	0.0021156245	0.033302736	0.0024856569	0.041823342
794	79400	0.002825454	0.03286628	0.0039352416	0.04115329
795	79500	0.0019614112	0.033983555	0.0030944825	0.041426558
796	79600	0.004047021	0.032575168	0.0005569458	0.04115883
797	79700	0.0038996635	0.033225723	0.001387024	0.041677672
798	79800	0.0027581996	0.03210619	0.0014556885	0.04160569
799	79900	0.0021476268	0.03331596	0.001020813	0.041926138
800	80000	0.0013509676	0.032150745	0.001638794	0.041723095
801	80100	0.0019775105	0.033640664	0.0017837525	0.041948892
802	80200	0.0022785105	0.03505167	0.0016998291	0.04119196
803	80300	0.0029860754	0.03435034	0.005921936	0.041351046
804	80400	0.0028676216	0.031872448	0.0048690797	0.04135
805	80500	0.002478537	0.034667764	0.0015258789	0.041691184
806	80600	0.0019637372	0.033209905	0.00091552734	0.041577946
807	80700	0.0019977328	0.032964908	0.00084533694	0.04158512
808	80800	0.0014910334	0.03534041	0.0019088745	0.0453388
809	80900	0.0020005638	0.03237823	0.002798462	0.040985633
810	81000	0.0025152115	0.032880194	0.006842041	0.042047977
811	81100	0.0023364949	0.03305566	0.0019470215	0.04129088
812	81200	0.0019481283	0.033045284	0.00093994144	0.04204977
813	81300	0.0013842547	0.03410903	0.001097107	0.041872744
814	81400	0.0018016589	0.034258176	0.0046585086	0.041927382
815	81500	0.0014005317	0.0321909	0.0025756836	0.04160719
816	81600	0.0025021743	0.03499662	0.004902649	0.04116718
817	81700	0.0020054826	0.034336463	0.0017074585	0.041391015
818	81800	0.0013503481	0.03307432	0.0017211915	0.04197273
819	81900	0.0014517773	0.034701936	0.0029357912	0.042508576
820	82000	0.001592353	0.032853864	0.00092010497	0.040938452
821	82100	0.0014118187	0.033035368	0.0012344361	0.04146646
822	82200	0.0019495202	0.032690387	0.0035980225	0.04263548
823	82300	0.002835251	0.032819256	0.002571106	0.041338664
824	82400	0.0037408173	0.03392827	0.0012466431	0.041619204
825	82500	0.0025358011	0.03301234	0.0019424439	0.04148876
826	82600	0.0014897793	0.033361528	0.0019592287	0.04121462
827	82700	0.0019361732	0.03379798	0.0015777588	0.040883712
828	82800	0.0038638408	0.033969115	0.00738678	0.040837426
829	82900	0.002082532	0.031955067	0.00097503664	0.04139462
830	83000	0.0014261575	0.03294989	0.0009719849	0.040807776
831	83100	0.0013249839	0.033539988	0.00069122313	0.04107989
832	83200	0.0031137262	0.034501575	0.00086517335	0.041264996
833	83300	0.002669056	0.03181348	0.00052337645	0.041272227
834	83400	0.0030520228	0.03294978	0.001361084	0.041526817
835	83500	0.0028860085	0.03264688	0.00076293945	0.041456293
836	83600	0.0028818527	0.034573983	0.00066986086	0.04410992
837	83700	0.0019532728	0.033858124	0.0015563965	0.041150525
838	83800	0.003180712	0.03284245	0.0018753052	0.041008174
839	83900	0.001486571	0.032690775	0.00090026855	0.044174507
840	84000	0.004260661	0.034392897	0.00456543	0.04367432
841	84100	0.0027547663	0.033648927	0.0009841919	0.041290898
842	84200	0.0016288784	0.03372268	0.003114319	0.04147477
843	84300	0.001966758	0.03188515	0.0030471801	0.041584134
844	84400	0.0031803942	0.033184152	0.0010314941	0.041127898
845	84500	0.0034452917	0.033135436	0.003945923	0.04254052
846	84600	0.0029433349	0.034459952	0.0035263062	0.042927317
847	84700	0.00238681	0.03193352	0.0007537842	0.040777724
848	84800	0.002355642	0.03362006	0.005609131	0.040983498
849	84900	0.0031408907	0.032939885	0.0054412843	0.043087903
850	85000	0.002002034	0.031845648	0.0020324707	0.04160394
851	85100	0.0021112554	0.032519635	0.0018646241	0.043422274
852	85200	0.003335141	0.03432069	0.0033721924	0.04123277
853	85300	0.002465096	0.03425675	0.0010375977	0.04186303
854	85400	0.0016995051	0.03328917	0.00052490237	0.042277064
855	85500	0.0013606026	0.03544373	0.002709961	0.0408903
856	85600	0.001733306	0.034709927	0.0030029297	0.040854838
857	85700	0.002832269	0.03327382	0.00060272217	0.04112979
858	85800	0.0014559476	0.03271673	0.0008239746	0.041380703
859	85900	0.0029931027	0.031814847	0.002534485	0.041173127
860	86000	0.0019426162	0.031905152	0.0031387329	0.04108938
861	86100	0.0016367766	0.031815022	0.0015167237	0.04122538
862	86200	0.0025752117	0.03270788	0.00082092284	0.04237826
863	86300	0.002301086	0.033494182	0.0017028808	0.04136309
864	86400	0.0014351407	0.033977058	0.001184082	0.042160742
865	86500	0.0018943233	0.031277124	0.0012954712	0.04162284
866	86600	0.0018594859	0.033821687	0.0012268067	0.0426613
867	86700	0.0014233063	0.032830685	0.002989197	0.040849168
868	86800	0.0022696317	0.03403246	0.0025741577	0.041858997
869	86900	0.0019542873	0.032461535	0.006517029	0.04114659
870	87000	0.0019106213	0.036111698	0.0014312745	0.04107285
871	87100	0.0012152048	0.03367397	0.000970459	0.04165367
872	87200	0.002617008	0.032588173	0.0014312745	0.041741986
873	87300	0.001270097	0.033471264	0.001435852	0.042692404
874	87400	0.004985508	0.031899713	0.0033721924	0.041338198
875	87500	0.0020238406	0.03333274	0.0018081665	0.041393172
876	87600	0.0029326668	0.031300522	0.0013336182	0.041403167
877	87700	0.0014926168	0.032942675	0.0008468628	0.040938064
878	87800	0.0016982297	0.031980213	0.0007095337	0.041684967
879	87900	0.002502179	0.032499276	0.0009902954	0.04142051
880	88000	0.001696702	0.03480914	0.00079803466	0.041673474
881	88100	0.0013050727	0.033271436	0.00084228517	0.043445606
882	88200	0.0035576066	0.030729199	0.0021759034	0.040463008
883	88300	0.0013435349	0.03378398	0.0012054443	0.040533926
884	88400	0.002067162	0.033308815	0.0033493042	0.041203655
885	88500	0.0031132833	0.03187586	0.0028472901	0.04060775
886	88600	0.0018513146	0.032641053	0.0022155761	0.04169039
887	88700	0.004831962	0.033179764	0.0049224854	0.041157752
888	88800	0.0016660779	0.032247305	0.001020813	0.04193323
889	88900	0.0018774983	0.031722102	0.0023239136	0.04228241
890	89000	0.0020338972	0.03259794	0.0030609132	0.040986586
891	89100	0.0030305977	0.033676628	0.001121521	0.041444957
892	89200	0.0020969603	0.032992423	0.0020568848	0.04099838
893	89300	0.0028445143	0.032856606	0.0009490967	0.044616908
894	89400	0.0025757418	0.032766353	0.0030410767	0.041219227
895	89500	0.002730041	0.03233455	0.006364441	0.04072002
896	89600	0.002165358	0.034472965	0.00084533694	0.04199667
897	89700	0.001983831	0.032066777	0.0037475587	0.04076545
898	89800	0.002204521	0.033789933	0.0028457642	0.041186757
899	89900	0.0015243595	0.031421077	0.00083007815	0.04117047
900	90000	0.0018060455	0.03216217	0.0015319824	0.04149291
901	90100	0.0022030326	0.03223264	0.0018936157	0.041144934
902	90200	0.002397338	0.032516472	0.003315735	0.041068036
903	90300	0.002881403	0.032370858	0.0010925293	0.040869627
904	90400	0.0042288518	0.032198656	0.0046844482	0.04151167
905	90500	0.0018036929	0.031674977	0.0027664185	0.040473096
906	90600	0.0039774957	0.034185186	0.00401001	0.040793493
907	90700	0.0019400539	0.033357624	0.0030670166	0.041222308
908	90800	0.001279648	0.031838134	0.0008941651	0.040895622
909	90900	0.0015612622	0.031696554	0.0009887696	0.040631935
910	91000	0.0027089934	0.032750864	0.0014511108	0.04321669
911	91100	0.0010924666	0.030636603	0.0007110596	0.04115339
912	91200	0.0022384692	0.032989416	0.0034576417	0.04119496
913	91300	0.0020955494	0.03189273	0.004109192	0.040720724
914	91400	0.0024528182	0.031299785	0.0010238647	0.040940914
915	91500	0.0012917181	0.032105222	0.0008010864	0.040909022
916	91600	0.001506071	0.03528214	0.0013458253	0.040891748
917	91700	0.0019960294	0.03243906	0.0035598755	0.040619284
918	91800	0.0014078399	0.033588197	0.00064086914	0.043320045
919	91900	0.0020710954	0.03399426	0.0022232055	0.040812735
920	92000	0.0018343995	0.031868163	0.0008514404	0.04035994
921	92100	0.0031025398	0.031870466	0.0030822754	0.0408616
922	92200	0.0019414978	0.034493826	0.0019134522	0.041695457
923	92300	0.002721021	0.034070354	0.0010696411	0.040539008
924	92400	0.001946928	0.03181397	0.0008865357	0.041049995
925	92500	0.004052108	0.032752685	0.007232666	0.04082374
926	92600	0.0026553003	0.031801883	0.0010086059	0.04134141
927	92700	0.0017111296	0.031295024	0.0008590698	0.041324183
928	92800	0.0019491451	0.033280447	0.0015029907	0.041681595
929	92900	0.0023731415	0.034386765	0.0027923584	0.041294277
930	93000	0.001560556	0.03298903	0.0017868042	0.040903285
931	93100	0.0024905985	0.033662453	0.002406311	0.04138524
932	93200	0.0013828049	0.033369195	0.0021438599	0.040430196
933	93300	0.0016817772	0.030919084	0.0006240845	0.040889297
934	93400	0.0023164828	0.032993507	0.0011871338	0.040561773
935	93500	0.00248646	0.031074632	0.0024993897	0.041605804
936	93600	0.0020156975	0.03136748	0.0041641234	0.040467866
937	93700	0.0015707118	0.03148587	0.0021820068	0.041017998
938	93800	0.0023553725	0.031982794	0.0019592287	0.041488294
939	93900	0.00326917	0.034345392	0.0015487671	0.041179575
940	94000	0.0017599155	0.03188854	0.0023590089	0.041003153
941	94100	0.0020327372	0.030906819	0.0008392334	0.04055405
942	94200	0.0016141044	0.03200401	0.0011627198	0.041295193
943	94300	0.0017639538	0.03100346	0.0009902954	0.04081634
944	94400	0.0023900897	0.033324167	0.002922058	0.04098738
945	94500	0.0010697246	0.031301778	0.0040359497	0.040718235
946	94600	0.0012554954	0.03242339	0.0009567261	0.041532964
947	94700	0.0013561134	0.03283394	0.0017059327	0.04120669
948	94800	0.0012247934	0.032106787	0.00057525636	0.041764364
949	94900	0.001981528	0.03091075	0.0012390137	0.04205207
950	95000	0.0013852117	0.031097848	0.0016601563	0.040435173
951	95100	0.0031213597	0.031148668	0.00091705326	0.04047584
952	95200	0.0027890715	0.03274026	0.0033462525	0.041397657
953	95300	0.0026430753	0.03222984	0.0014694214	0.04077073
954	95400	0.0016435647	0.033289813	0.001272583	0.04099901
955	95500	0.0012836113	0.03257529	0.0010269166	0.0414721
956	95600	0.0019083926	0.031925116	0.0023544312	0.04055041
957	95700	0.001315523	0.031830683	0.00061798096	0.041574482
958	95800	0.002048935	0.03265751	0.0007888794	0.04025736
959	95900	0.0015377884	0.031978723	0.0022659302	0.04090348
960	96000	0.0023474833	0.032832224	0.00079498295	0.041588113
961	96100	0.0026646883	0.03164115	0.0032989501	0.040656272
962	96200	0.0011397412	0.031724937	0.0014205932	0.041114546
963	96300	0.0012168452	0.0316262	0.00089263916	0.040751405
964	96400	0.002958859	0.03266064	0.0032455444	0.04113529
965	96500	0.0017442433	0.032651436	0.0012786866	0.040975574
966	96600	0.0021848516	0.032485984	0.0041275024	0.040864315
967	96700	0.0023072727	0.032307237	0.0008560181	0.040727038
968	96800	0.0017926367	0.03177612	0.00077209476	0.04071623
969	96900	0.0011731869	0.031380188	0.0009902954	0.04068717
970	97000	0.0020961366	0.031940423	0.0014236451	0.040962506
971	97100	0.0014219937	0.03242296	0.00073547364	0.04155095
972	97200	0.0013664544	0.032023944	0.00078277587	0.04075939
973	97300	0.0019255633	0.031362366	0.0008514404	0.040748384
974	97400	0.0016583075	0.030686185	0.00094451907	0.040432163
975	97500	0.0025866008	0.034121174	0.0008331299	0.040730942
976	97600	0.0012860673	0.03239017	0.0017944336	0.041109987
977	97700	0.0011404284	0.030674785	0.0006881714	0.04047994
978	97800	0.0011154544	0.03151034	0.00082092284	0.040660754
979	97900	0.0013254529	0.032415614	0.000541687	0.040641606
980	98000	0.001250397	0.032074362	0.001499939	0.041630365
981	98100	0.0015831935	0.0334324	0.0015625	0.04059369
982	98200	0.0027876603	0.033345934	0.00552063	0.04095251
983	98300	0.0012881272	0.033346236	0.0013076783	0.0406524
984	98400	0.0018330262	0.0325075	0.0014770508	0.0411749
985	98500	0.0029311972	0.03300455	0.0035583496	0.040778972
986	98600	0.003326192	0.031695757	0.00077056885	0.04145311
987	98700	0.0012683026	0.03288889	0.00093078613	0.04068689
988	98800	0.0015102108	0.03321924	0.0007369995	0.040963016
989	98900	0.0011866285	0.030469388	0.0039047243	0.040440176
990	99000	0.0026839054	0.034183986	0.0036148073	0.0406265
991	99100	0.0019407393	0.029280586	0.0024032593	0.040626973
992	99200	0.0018183104	0.032205343	0.0018859863	0.04055784
993	99300	0.0028075883	0.03223618	0.0033187866	0.040258873
994	99400	0.0018657149	0.032008827	0.00066833495	0.040193353
995	99500	0.0012508478	0.03178093	0.0015487671	0.0403296
996	99600	0.0020503295	0.030403495	0.00056304934	0.040625583
997	99700	0.002191001	0.032055818	0.0012832641	0.04068481
998	99800	0.0013061842	0.032730017	0.004232788	0.04009063
999	99900	0.0016162259	0.030571153	0.0027770996	0.04037376
1000	100000	0.0018917162	0.031215375	0.00077972416	0.04313383
