#epoch	step	MAE/at	MAEF	Val_MAE/at	Val_MAEF
1	100	0.14662099	0.91164	0.18046671	0.81644833
2	200	0.118439816	0.73025304	0.14194693	0.7798022
3	300	0.13051082	0.6476639	0.10441488	0.70181584
4	400	0.112373404	0.5920941	0.16569011	0.66917634
5	500	0.10553674	0.57827854	0.10514883	0.64636534
6	600	0.08004049	0.56090003	0.075564586	0.61535496
7	700	0.0783588	0.5532654	0.085553996	0.5901121
8	800	0.08550067	0.4630342	0.08319652	0.56054735
9	900	0.07036893	0.4601293	0.090006	0.54038596
10	1000	0.07483238	0.4641765	0.08660991	0.5549815
11	1100	0.06124203	0.41044638	0.088897705	0.5195368
12	1200	0.07043971	0.43543923	0.08808645	0.5242855
13	1300	0.06805292	0.39285433	0.08096364	0.5242385
14	1400	0.07979964	0.42136717	0.08040111	0.52453405
15	1500	0.05163777	0.37254757	0.087680064	0.5155493
16	1600	0.047290802	0.37618616	0.072066754	0.49247235
17	1700	0.057195295	0.39713734	0.075501	0.4935712
18	1800	0.059926424	0.40137687	0.061332703	0.48662844
19	1900	0.0663716	0.36762655	0.11178183	0.48435023
20	2000	0.06388077	0.3788141	0.098854065	0.47660375
21	2100	0.06392885	0.352857	0.08751832	0.45740998
22	2200	0.06663597	0.38110173	0.08443451	0.46118832
23	2300	0.05247315	0.33958477	0.05661672	0.4874032
24	2400	0.048368502	0.33007598	0.05511526	0.45769647
25	2500	0.039800696	0.34412315	0.07151846	0.45138308
26	2600	0.063844964	0.32161322	0.07402344	0.45161927
27	2700	0.051766027	0.34517768	0.053549707	0.4507852
28	2800	0.043422394	0.32727674	0.05867463	0.4745096
29	2900	0.035710797	0.31171975	0.072014876	0.45306846
30	3000	0.040625915	0.28668237	0.05602621	0.4380083
31	3100	0.07243167	0.3008401	0.11276144	0.44564727
32	3200	0.038814288	0.31415814	0.06797334	0.44020346
33	3300	0.041739527	0.29927316	0.06361949	0.4364796
34	3400	0.03744527	0.2857478	0.048132833	0.4460105
35	3500	0.049954444	0.29701182	0.055905666	0.46443093
36	3600	0.05422722	0.2931908	0.05215556	0.46803257
37	3700	0.05030716	0.2931928	0.052520752	0.4735934
38	3800	0.039163694	0.31824207	0.053134155	0.42715415
39	3900	0.042385727	0.25875664	0.07424215	0.42099467
40	4000	0.035937432	0.2813949	0.06818594	0.4223989
41	4100	0.041365556	0.2655093	0.101660155	0.42032605
42	4200	0.046793178	0.27832976	0.06934764	0.4155112
43	4300	0.042894237	0.2800921	0.07627157	0.42920503
44	4400	0.035175342	0.2812772	0.05475108	0.41926754
45	4500	0.03450175	0.26798314	0.07804312	0.4233867
46	4600	0.05689446	0.27564797	0.05998637	0.42842618
47	4700	0.03957767	0.26328233	0.06904704	0.42660004
48	4800	0.056777664	0.26215145	0.08037669	0.4203967
49	4900	0.04721913	0.2770812	0.10607097	0.42313996
50	5000	0.03825399	0.2743084	0.09338685	0.4252907
51	5100	0.040919945	0.27094877	0.06534373	0.41670924
52	5200	0.029323256	0.25160548	0.05981293	0.41962737
53	5300	0.035225444	0.23736425	0.054032393	0.42124134
54	5400	0.033128235	0.25396153	0.07043966	0.4202765
55	5500	0.040170543	0.26280835	0.083378606	0.42152923
56	5600	0.034975264	0.22981668	0.059504192	0.4216525
57	5700	0.029393127	0.24742465	0.060727444	0.4176782
58	5800	0.03218487	0.25237083	0.046545412	0.44707525
59	5900	0.050241657	0.23465219	0.047685247	0.41734642
60	6000	0.03930259	0.25261298	0.054270428	0.42446327
61	6100	0.042355187	0.23297064	0.05716858	0.42774197
62	6200	0.03129455	0.23073539	0.04797821	0.4254943
63	6300	0.033570398	0.23420288	0.049257915	0.42235562
64	6400	0.028405769	0.239425	0.04683126	0.43556353
65	6500	0.044044588	0.23078544	0.05004222	0.42205688
66	6600	0.03382988	0.23703273	0.04911448	0.4192222
67	6700	0.035808437	0.23235348	0.076218165	0.42828953
68	6800	0.03233582	0.2271817	0.057608545	0.4259856
69	6900	0.03079947	0.2376595	0.046796676	0.42871687
70	7000	0.032855995	0.24179162	0.0654068	0.42559174
71	7100	0.028732447	0.24449226	0.05002594	0.42242175
72	7200	0.034797713	0.24392007	0.05826518	0.43012363
73	7300	0.05245778	0.21487361	0.07269593	0.42100498
74	7400	0.03817917	0.22350134	0.043685403	0.43773288
75	7500	0.035882857	0.23093976	0.093707286	0.42640284
76	7600	0.040907998	0.2038806	0.06465251	0.42213213
77	7700	0.0394447	0.2262798	0.04383901	0.4451398
78	7800	0.040187154	0.22773801	0.07103374	0.439545
79	7900	0.043909367	0.21833159	0.05902049	0.44791463
80	8000	0.022555783	0.20537491	0.051477563	0.42883518
81	8100	0.03715115	0.23847906	0.06886699	0.428683
82	8200	0.031008916	0.22010821	0.04834595	0.42476782
83	8300	0.031726863	0.20382051	0.049099736	0.42716926
84	8400	0.029894343	0.20667632	0.071871445	0.42357472
85	8500	0.032653905	0.21528792	0.05942536	0.43139675
86	8600	0.045461997	0.23462561	0.063534044	0.4135311
87	8700	0.037865024	0.19810453	0.049140934	0.41583297
88	8800	0.027864045	0.20875056	0.06103007	0.41094467
89	8900	0.060790226	0.21529998	0.07138266	0.42037427
90	9000	0.036368378	0.2219985	0.055085756	0.4390373
91	9100	0.03652486	0.20526995	0.053601075	0.41768155
92	9200	0.032276753	0.18600494	0.051102705	0.4214711
93	9300	0.029087223	0.20171903	0.05483907	0.43070862
94	9400	0.0418484	0.22454165	0.06828054	0.43430334
95	9500	0.03371708	0.20350422	0.04688009	0.42065808
96	9600	0.027853923	0.2084544	0.044623822	0.41586143
97	9700	0.033980038	0.2064311	0.061565656	0.42359525
98	9800	0.037742745	0.20082986	0.053270977	0.4318088
99	9900	0.034430083	0.20759521	0.045164492	0.41888815
100	10000	0.035419367	0.21109027	0.050236512	0.41965967
101	10100	0.025995515	0.19847432	0.05238546	0.41862977
102	10200	0.025928749	0.19474544	0.06536865	0.42369074
103	10300	0.035195727	0.19730799	0.043248497	0.4181715
104	10400	0.03431265	0.19003259	0.04914144	0.42238942
105	10500	0.033097778	0.20345436	0.055956524	0.41059065
106	10600	0.029860904	0.20033854	0.05453084	0.40868875
107	10700	0.02819587	0.17878792	0.047697958	0.4174791
108	10800	0.02695551	0.18425468	0.06607717	0.4215689
109	10900	0.037433323	0.18618815	0.05584666	0.4234805
110	11000	0.025653237	0.17892885	0.05519104	0.40960267
111	11100	0.049487136	0.18266489	0.06983592	0.40638375
112	11200	0.02462633	0.23504272	0.046129357	0.4675805
113	11300	0.025157575	0.19011644	0.042215478	0.41087955
114	11400	0.041387238	0.19896024	0.05798137	0.41116372
115	11500	0.027575944	0.18045762	0.0432546	0.4124977
116	11600	0.022673357	0.17077404	0.051540125	0.41212252
117	11700	0.024131222	0.1773179	0.047694907	0.40875915
118	11800	0.026539253	0.18567754	0.048388164	0.41694784
119	11900	0.044063807	0.19329117	0.060291547	0.41594747
120	12000	0.034586933	0.18957303	0.05896098	0.40470302
121	12100	0.028241552	0.17496902	0.05152334	0.41683078
122	12200	0.034366596	0.18701088	0.061623134	0.41847685
123	12300	0.034039605	0.17813228	0.048613485	0.42471686
124	12400	0.02914894	0.176376	0.04544169	0.407412
125	12500	0.05113531	0.19819288	0.04734141	0.4198053
126	12600	0.025765335	0.18018568	0.053119916	0.44439426
127	12700	0.033064935	0.17848583	0.058219917	0.41281727
128	12800	0.018031301	0.18060191	0.043938193	0.40858707
129	12900	0.019711664	0.18697794	0.053426113	0.4130419
130	13000	0.027569804	0.17705591	0.058842476	0.40386844
131	13100	0.043239977	0.19600694	0.06060791	0.41637367
132	13200	0.032346845	0.17853996	0.04459127	0.41752258
133	13300	0.025647877	0.18583825	0.04903768	0.40261078
134	13400	0.032425825	0.17489302	0.04954885	0.41810602
135	13500	0.03127154	0.17569953	0.08722636	0.41749763
136	13600	0.04486515	0.19194853	0.051957197	0.4079402
137	13700	0.031823233	0.17841263	0.051745098	0.42080107
138	13800	0.02281409	0.1729816	0.04336497	0.4015032
139	13900	0.020058647	0.17754838	0.04993744	0.41301733
140	14000	0.024085002	0.17648335	0.049856063	0.4128443
141	14100	0.02664542	0.18373674	0.052884933	0.40427116
142	14200	0.034310423	0.19627398	0.06968638	0.41334125
143	14300	0.028128125	0.18344933	0.06977998	0.41053784
144	14400	0.023434052	0.18189223	0.045021567	0.4087342
145	14500	0.024755549	0.16630614	0.046362814	0.39983207
146	14600	0.03718258	0.17507675	0.058792114	0.395167
147	14700	0.029528752	0.17070715	0.056142177	0.40185255
148	14800	0.02544007	0.1693685	0.049829107	0.41044915
149	14900	0.01969446	0.19687767	0.051025398	0.42133975
150	15000	0.025781477	0.20084853	0.05008952	0.44076338
151	15100	0.030816924	0.17330875	0.05436961	0.40173778
152	15200	0.031259824	0.16842204	0.048234053	0.40510833
153	15300	0.024884691	0.17029543	0.056416836	0.40981764
154	15400	0.020133771	0.17744036	0.04405314	0.4126061
155	15500	0.020418238	0.16228758	0.045641582	0.40753832
156	15600	0.029494908	0.1821917	0.06281535	0.4005738
157	15700	0.022199025	0.17408074	0.059257	0.40101945
158	15800	0.025410319	0.16152899	0.0663091	0.40699983
159	15900	0.02228838	0.16606098	0.0401118	0.4194477
160	16000	0.026347121	0.21867958	0.047106426	0.43422633
161	16100	0.02611162	0.16083707	0.04493103	0.40617463
162	16200	0.028512994	0.16498864	0.05575308	0.40540516
163	16300	0.020128364	0.16463816	0.069732666	0.40114075
164	16400	0.01944625	0.16840596	0.060780335	0.40571076
165	16500	0.020432593	0.16387199	0.0443629	0.4113811
166	16600	0.026996134	0.15729545	0.05344035	0.41460374
167	16700	0.02065362	0.15093693	0.05181936	0.40784732
168	16800	0.041918684	0.15928152	0.05980835	0.40510765
169	16900	0.024320696	0.15823768	0.050789393	0.40617564
170	17000	0.023907073	0.1679355	0.057897445	0.4038555
171	17100	0.016891288	0.14524445	0.04319865	0.40906465
172	17200	0.027816834	0.163895	0.043393962	0.41855627
173	17300	0.02105832	0.162283	0.05023702	0.40992412
174	17400	0.01999967	0.14982703	0.055530805	0.41472882
175	17500	0.030200781	0.15497535	0.047217306	0.41408467
176	17600	0.017492479	0.15531982	0.06261038	0.40058407
177	17700	0.019612936	0.1608483	0.043223064	0.40344524
178	17800	0.022961494	0.1540145	0.044210307	0.4066243
179	17900	0.02634453	0.16084255	0.049718224	0.41342342
180	18000	0.02398222	0.16057527	0.050225325	0.40651482
181	18100	0.030526048	0.16288802	0.057960004	0.41144362
182	18200	0.032873273	0.15909113	0.070377104	0.4002867
183	18300	0.01911199	0.15440945	0.05098572	0.40490612
184	18400	0.021994313	0.16684762	0.047209676	0.3976694
185	18500	0.025140522	0.15673709	0.0679184	0.40205753
186	18600	0.034789868	0.16398562	0.046021525	0.42136586
187	18700	0.022490704	0.15468904	0.050695803	0.41064927
188	18800	0.023092452	0.15220998	0.043979898	0.4123215
189	18900	0.021313779	0.1589945	0.06574046	0.4032894
190	19000	0.019682465	0.138915	0.042580668	0.4084443
191	19100	0.029855577	0.15669855	0.052854415	0.40331468
192	19200	0.022021359	0.14599639	0.051353455	0.40421242
193	19300	0.02577992	0.15957226	0.04649048	0.3999743
194	19400	0.016548464	0.1481886	0.052262373	0.4041456
195	19500	0.022762153	0.1531843	0.0526474	0.394944
196	19600	0.022358535	0.16310875	0.04987539	0.41264263
197	19700	0.031126613	0.14497998	0.043182883	0.41091606
198	19800	0.022057457	0.14134286	0.045558676	0.4133046
199	19900	0.022138417	0.15599327	0.048423257	0.40115625
200	20000	0.021142554	0.14416495	0.0524292	0.40536213
201	20100	0.021469496	0.15490305	0.0449997	0.41723484
202	20200	0.021640304	0.1628141	0.052126057	0.41227916
203	20300	0.021416312	0.15732323	0.07349142	0.40532294
204	20400	0.017380405	0.1507107	0.045639038	0.39961752
205	20500	0.028314473	0.15642402	0.05716553	0.407024
206	20600	0.029462874	0.14756045	0.057578024	0.40921754
207	20700	0.026356474	0.14557788	0.04999695	0.4171788
208	20800	0.025624719	0.16335414	0.04473165	0.40525657
209	20900	0.01924612	0.15297696	0.05134481	0.4593778
210	21000	0.020254202	0.14892548	0.0838384	0.40729034
211	21100	0.023740962	0.14788425	0.047743734	0.4022956
212	21200	0.019489612	0.13999566	0.056491088	0.40626225
213	21300	0.026330447	0.13748336	0.047667947	0.40767294
214	21400	0.022566048	0.13613619	0.0548111	0.40795565
215	21500	0.021697719	0.13994311	0.05420431	0.3981683
216	21600	0.026757976	0.14596556	0.05207164	0.4135783
217	21700	0.025001833	0.1446453	0.05253296	0.40299413
218	21800	0.016585978	0.14142698	0.05637106	0.3943016
219	21900	0.021236964	0.17150621	0.057820637	0.4014072
220	22000	0.024562545	0.15160228	0.064659625	0.40182495
221	22100	0.018373562	0.15254933	0.05723979	0.41458237
222	22200	0.01990063	0.14826405	0.045988467	0.41506013
223	22300	0.016397564	0.1545723	0.053297937	0.43662968
224	22400	0.019524092	0.15464048	0.06575267	0.40227637
225	22500	0.018688722	0.13944148	0.050133266	0.4039588
226	22600	0.01556902	0.13918301	0.043340556	0.40633085
227	22700	0.031606536	0.1466532	0.051779177	0.41124544
228	22800	0.020286085	0.14171031	0.051899213	0.41388923
229	22900	0.01822665	0.13339977	0.04985199	0.39838317
230	23000	0.021843188	0.13691819	0.054740913	0.40941653
231	23100	0.027961668	0.1402322	0.060034182	0.3990711
232	23200	0.037389793	0.14531843	0.06556244	0.40836048
233	23300	0.02624353	0.14152297	0.05501048	0.40398163
234	23400	0.03642243	0.14921114	0.049869794	0.41435272
235	23500	0.044932004	0.15055312	0.050536096	0.41941643
236	23600	0.030232098	0.14734772	0.07550507	0.3979283
237	23700	0.025635585	0.14264184	0.055308025	0.43695915
238	23800	0.024212409	0.13869467	0.068525694	0.4038672
239	23900	0.018044781	0.14269142	0.047557067	0.40845156
240	24000	0.018596701	0.14637254	0.06506806	0.41294715
241	24100	0.025362078	0.13576165	0.04624939	0.40816465
242	24200	0.029098129	0.1439924	0.047322594	0.4044668
243	24300	0.027054507	0.14083883	0.057363387	0.40051663
244	24400	0.036485147	0.13978365	0.053823855	0.4117998
245	24500	0.021328188	0.14619061	0.05088959	0.4044956
246	24600	0.0291901	0.14012879	0.050427753	0.42473257
247	24700	0.014240356	0.1340752	0.040963236	0.40309212
248	24800	0.02269894	0.1427983	0.075698346	0.4115702
249	24900	0.02235004	0.14540392	0.047984317	0.40918276
250	25000	0.03002603	0.1397278	0.06408488	0.40027905
251	25100	0.016869392	0.14063616	0.048266605	0.4083682
252	25200	0.020211145	0.13653481	0.05842794	0.40240374
253	25300	0.021315113	0.14029647	0.05582428	0.4041441
254	25400	0.018324321	0.15519552	0.051555384	0.4077949
255	25500	0.015663167	0.13116302	0.051973473	0.4078083
256	25600	0.029078178	0.13816537	0.049622092	0.41779134
257	25700	0.026220221	0.13684542	0.07842967	0.40157074
258	25800	0.014597135	0.13046452	0.057259627	0.40597147
259	25900	0.019322066	0.13343197	0.047178652	0.40643853
260	26000	0.018679036	0.12986365	0.05195262	0.4116397
261	26100	0.019795353	0.12919433	0.05797374	0.402279
262	26200	0.031775538	0.14716847	0.062588	0.40511584
263	26300	0.020164276	0.129135	0.042131044	0.410572
264	26400	0.015484927	0.12710395	0.049081933	0.40676543
265	26500	0.01618852	0.14099877	0.04707947	0.41177815
266	26600	0.033060465	0.14244442	0.06080475	0.40684298
267	26700	0.020899072	0.12715782	0.050024927	0.4069482
268	26800	0.0155666955	0.14310361	0.047785953	0.4053626
269	26900	0.017059315	0.13802947	0.049804688	0.43341714
270	27000	0.016959539	0.13344926	0.05090434	0.4119601
271	27100	0.018401567	0.13511807	0.045645144	0.41034085
272	27200	0.0138128195	0.12885386	0.057756044	0.4079774
273	27300	0.017894601	0.12952217	0.045903016	0.4117865
274	27400	0.025881542	0.1278049	0.045661926	0.40786532
275	27500	0.0207739	0.1432895	0.04168447	0.4135113
276	27600	0.01569361	0.13068122	0.051755276	0.41708422
277	27700	0.017551826	0.13746889	0.04945628	0.41344312
278	27800	0.025039244	0.14526111	0.052544154	0.4135389
279	27900	0.016777003	0.13861749	0.058119208	0.41057128
280	28000	0.021441603	0.13762201	0.04841919	0.4153107
281	28100	0.019116297	0.12655899	0.053476464	0.40996087
282	28200	0.019129742	0.13211058	0.052356463	0.4204359
283	28300	0.018539127	0.13291284	0.05135396	0.413193
284	28400	0.02320146	0.13217534	0.057320148	0.41134828
285	28500	0.023316361	0.1320315	0.04576162	0.41465965
286	28600	0.019702582	0.13118175	0.06869609	0.40308288
287	28700	0.016416684	0.13881442	0.051401265	0.41816765
288	28800	0.01824637	0.13802281	0.04557241	0.40464696
289	28900	0.020661548	0.12653655	0.04897715	0.40736997
290	29000	0.011908011	0.12282211	0.044866946	0.40846258
291	29100	0.017299239	0.12565798	0.057818096	0.41587287
292	29200	0.017831013	0.13271822	0.052983094	0.41314724
293	29300	0.016149035	0.13970222	0.049155172	0.42625996
294	29400	0.027486257	0.12881827	0.052250672	0.40952468
295	29500	0.017682392	0.13349916	0.05630493	0.41184732
296	29600	0.020141892	0.12582223	0.051030476	0.41795146
297	29700	0.025506059	0.13391471	0.06692352	0.40805045
298	29800	0.017519811	0.12943023	0.05393067	0.41742468
299	29900	0.023787702	0.13255146	0.044389855	0.41913697
300	30000	0.016617768	0.1255456	0.06450298	0.41673154
301	30100	0.020123195	0.12779626	0.057989504	0.401287
302	30200	0.015947266	0.13957052	0.047189333	0.41693613
303	30300	0.026503563	0.1310926	0.049809266	0.40512136
304	30400	0.023126766	0.12678723	0.04469147	0.4158065
305	30500	0.02399355	0.12536514	0.059959926	0.40708113
306	30600	0.016885625	0.1315078	0.046915185	0.4155721
307	30700	0.0128933005	0.12662621	0.047576398	0.40939018
308	30800	0.01471058	0.12731805	0.05706635	0.4109008
309	30900	0.013510539	0.13148326	0.047136437	0.41818225
310	31000	0.015737904	0.12906514	0.04747213	0.41223288
311	31100	0.027245738	0.13952069	0.05128021	0.4164763
312	31200	0.013432749	0.12741794	0.047689315	0.4125614
313	31300	0.021258632	0.13705431	0.0693868	0.41650546
314	31400	0.01920978	0.12252739	0.04425405	0.4189978
315	31500	0.013916075	0.13250309	0.04941152	0.41447487
316	31600	0.01918248	0.12085387	0.049879458	0.40822166
317	31700	0.014909754	0.12309002	0.046866864	0.4171235
318	31800	0.01898421	0.12384665	0.04502767	0.42175397
319	31900	0.013788082	0.13112153	0.048621625	0.41233283
320	32000	0.017032087	0.12082544	0.051201887	0.41329092
321	32100	0.016822603	0.12748243	0.045700584	0.41260868
322	32200	0.014970567	0.12769872	0.04784851	0.41715142
323	32300	0.018650904	0.12661064	0.04919129	0.41120958
324	32400	0.01604657	0.12538533	0.046766665	0.41251853
325	32500	0.01994401	0.12676275	0.049513247	0.41540965
326	32600	0.018194735	0.1413906	0.046852622	0.41420582
327	32700	0.024247227	0.12529363	0.053141277	0.4192803
328	32800	0.0122139	0.12085877	0.047448225	0.41698486
329	32900	0.015860649	0.12881616	0.053624477	0.42612326
330	33000	0.021191474	0.13310145	0.04762014	0.40635803
331	33100	0.013034842	0.11677505	0.044589743	0.41483718
332	33200	0.017207235	0.12894882	0.0477122	0.41574237
333	33300	0.017029257	0.12880823	0.063343816	0.4232814
334	33400	0.017059427	0.1254422	0.049476627	0.41723844
335	33500	0.023307465	0.11776331	0.04988658	0.41964528
336	33600	0.019256944	0.13158959	0.060877483	0.4170497
337	33700	0.015276923	0.12437628	0.04361013	0.41784266
338	33800	0.016884992	0.123153396	0.045688376	0.41596904
339	33900	0.02111964	0.13485816	0.051185608	0.46121767
340	34000	0.018425085	0.12425844	0.04526418	0.40962708
341	34100	0.015591547	0.11927013	0.060465496	0.4177202
342	34200	0.013128465	0.11234381	0.055367537	0.4187506
343	34300	0.014589454	0.11747148	0.041759238	0.4281089
344	34400	0.0154797705	0.12359327	0.052632656	0.4159416
345	34500	0.014638491	0.11716622	0.04458059	0.41963616
346	34600	0.014865909	0.124968395	0.047037255	0.41811413
347	34700	0.01612811	0.12228311	0.04744568	0.4192001
348	34800	0.016513968	0.12221923	0.053366598	0.42002255
349	34900	0.030287957	0.12761058	0.063651025	0.43134972
350	35000	0.016692834	0.12779367	0.05298106	0.41649368
351	35100	0.016113969	0.1252884	0.051916	0.40698647
352	35200	0.020038556	0.11365227	0.05904134	0.4159215
353	35300	0.018375665	0.1201777	0.06987458	0.41482574
354	35400	0.01978591	0.12622644	0.06200969	0.41239977
355	35500	0.013432228	0.12093521	0.047208153	0.42612258
356	35600	0.014642743	0.12268864	0.050372314	0.4230198
357	35700	0.01287615	0.11149453	0.047982283	0.4247995
358	35800	0.012811429	0.123458534	0.048641462	0.42305824
359	35900	0.016251864	0.1251985	0.04881185	0.42361346
360	36000	0.018107083	0.11822364	0.052063502	0.41591346
361	36100	0.019736871	0.12427561	0.05021719	0.4255841
362	36200	0.015403716	0.12814924	0.042469792	0.41735265
363	36300	0.024938067	0.12385583	0.054184474	0.42007697
364	36400	0.014795144	0.12132033	0.045991518	0.4144155
365	36500	0.014148194	0.12775402	0.050801087	0.4251395
366	36600	0.018215472	0.11948426	0.05949555	0.4278564
367	36700	0.020545892	0.12252115	0.045808416	0.42452174
368	36800	0.01627697	0.121895656	0.049305726	0.4168085
369	36900	0.013236614	0.12025924	0.049639896	0.40916476
370	37000	0.012628062	0.11527791	0.04889069	0.41514698
371	37100	0.025469176	0.12581992	0.056167096	0.41812292
372	37200	0.014981601	0.12442106	0.053956605	0.42154023
373	37300	0.01703583	0.12729809	0.04916738	0.42034116
374	37400	0.014150019	0.11280845	0.049194846	0.42621768
375	37500	0.012521348	0.117730655	0.044401046	0.42173308
376	37600	0.014917383	0.122248866	0.053784687	0.43114722
377	37700	0.02005986	0.121863656	0.049742635	0.41853863
378	37800	0.030187774	0.118796	0.04686737	0.41736904
379	37900	0.029610172	0.13107927	0.062680565	0.43151808
380	38000	0.017422872	0.12419201	0.055191554	0.41841555
381	38100	0.019049048	0.11751465	0.048868816	0.4200275
382	38200	0.01888702	0.115786016	0.067488104	0.42683783
383	38300	0.012485373	0.11169532	0.04141541	0.42549038
384	38400	0.016552413	0.13024762	0.05446269	0.45115063
385	38500	0.020311663	0.117492005	0.05287069	0.4259208
386	38600	0.01931549	0.1256091	0.04549408	0.42433628
387	38700	0.012950093	0.10992503	0.046052553	0.42152083
388	38800	0.012919836	0.11433452	0.047893777	0.41884622
389	38900	0.010702069	0.12043112	0.043587748	0.42781278
390	39000	0.010864847	0.11347776	0.047801718	0.4250973
391	39100	0.012827508	0.11596481	0.048906963	0.42444655
392	39200	0.013405161	0.11521852	0.048411053	0.42001164
393	39300	0.017008403	0.11368054	0.040533956	0.4265108
394	39400	0.020069432	0.116266154	0.048683167	0.42871457
395	39500	0.015238313	0.11340086	0.048973083	0.41665184
396	39600	0.014930421	0.11500318	0.046596274	0.425029
397	39700	0.014269571	0.12080927	0.050735474	0.42644444
398	39800	0.024633722	0.12267556	0.048484802	0.43355918
399	39900	0.01978733	0.11657254	0.055189516	0.43184894
400	40000	0.014270651	0.12280974	0.055822756	0.42636582
401	40100	0.017339531	0.14203697	0.05341492	0.45975107
402	40200	0.022581954	0.120047525	0.05694021	0.422437
403	40300	0.014519323	0.11473856	0.046540838	0.42095253
404	40400	0.011221263	0.115288265	0.048600264	0.42045164
405	40500	0.013906996	0.11296213	0.051941425	0.4227336
406	40600	0.012020338	0.10732586	0.0532425	0.42954707
407	40700	0.013703182	0.1159005	0.045558676	0.41959992
408	40800	0.0134622725	0.11001507	0.05007121	0.4211548
409	40900	0.015073407	0.1157055	0.045109052	0.4342685
410	41000	0.024510574	0.11002242	0.054430645	0.4408397
411	41100	0.02476762	0.11471468	0.059759017	0.42725998
412	41200	0.013517694	0.120485604	0.04872742	0.4168621
413	41300	0.012570799	0.11284714	0.04460958	0.41809696
414	41400	0.017964253	0.11773016	0.05375265	0.4261022
415	41500	0.0121275075	0.110870935	0.048488364	0.41496876
416	41600	0.020093165	0.10992998	0.052775573	0.42141286
417	41700	0.017839115	0.114845455	0.050107326	0.42695037
418	41800	0.014245173	0.11638254	0.04662069	0.42326307
419	41900	0.01887667	0.12546502	0.05579071	0.4189946
420	42000	0.013671525	0.13310197	0.046918746	0.42592338
421	42100	0.01740839	0.11754392	0.050249737	0.42912257
422	42200	0.012408455	0.11502626	0.04816742	0.42420515
423	42300	0.012555192	0.11909974	0.050953675	0.42375693
424	42400	0.013212366	0.12096026	0.04359792	0.41930678
425	42500	0.014058073	0.10663916	0.047018435	0.42305863
426	42600	0.013186028	0.11859752	0.048429873	0.4297087
427	42700	0.01392638	0.109764375	0.055721026	0.42942983
428	42800	0.010292982	0.116064064	0.045485433	0.4270431
429	42900	0.01568394	0.11778958	0.06502788	0.42641416
430	43000	0.0152110625	0.11670272	0.050584923	0.42647615
431	43100	0.015674412	0.11491649	0.051873274	0.42662406
432	43200	0.021132328	0.11590626	0.060386658	0.42667186
433	43300	0.013461701	0.11212732	0.049980674	0.42435312
434	43400	0.012743892	0.11334258	0.05029297	0.42588556
435	43500	0.018248556	0.11182896	0.04224294	0.42424333
436	43600	0.018375421	0.11355451	0.048268132	0.4333602
437	43700	0.019281203	0.1116236	0.05234782	0.4284886
438	43800	0.015418636	0.109615065	0.050414532	0.4218475
439	43900	0.013784781	0.11047593	0.04918925	0.42826277
440	44000	0.0129020065	0.11126718	0.049373373	0.42363483
441	44100	0.010885345	0.10767859	0.047999576	0.4287441
442	44200	0.013074683	0.11077748	0.04561564	0.4284679
443	44300	0.012136571	0.10993584	0.04917603	0.4220694
444	44400	0.017405882	0.11251767	0.05480347	0.42529073
445	44500	0.011680044	0.11418941	0.04867096	0.4304307
446	44600	0.015205198	0.101232536	0.045999147	0.42842317
447	44700	0.0131241605	0.10897651	0.048103336	0.4280927
448	44800	0.013949252	0.10633807	0.046593733	0.42503095
449	44900	0.010970774	0.10932956	0.049783837	0.4258863
450	45000	0.0126636755	0.11331706	0.04255015	0.43528682
451	45100	0.020462807	0.11925837	0.053344734	0.4404732
452	45200	0.012127274	0.11668267	0.046975203	0.4316892
453	45300	0.015159453	0.11413596	0.04773509	0.42810103
454	45400	0.016806355	0.11433571	0.04809367	0.42666867
455	45500	0.02174703	0.11454334	0.047899377	0.4298756
456	45600	0.013367359	0.11565157	0.05620982	0.42726454
457	45700	0.014012766	0.1083665	0.05066986	0.4403412
458	45800	0.0107666245	0.118096456	0.042663068	0.43191427
459	45900	0.011368255	0.12017836	0.04698588	0.42981052
460	46000	0.015809305	0.11101429	0.057541914	0.43108937
461	46100	0.015840964	0.10854847	0.048381552	0.43801105
462	46200	0.009913743	0.1031417	0.04579824	0.4258525
463	46300	0.015166195	0.122333296	0.046969607	0.43297678
464	46400	0.013856323	0.11416861	0.048655193	0.42671773
465	46500	0.014306322	0.10914509	0.044293217	0.43075264
466	46600	0.012700768	0.10903155	0.05862834	0.4283331
467	46700	0.013485896	0.11175556	0.047820535	0.42872098
468	46800	0.009943599	0.10878026	0.043825787	0.43385825
469	46900	0.015859004	0.10217412	0.04867452	0.43041822
470	47000	0.012923043	0.11168458	0.052395124	0.43175176
471	47100	0.015755098	0.09936705	0.048095703	0.42870587
472	47200	0.009749324	0.10303945	0.053777065	0.42728645
473	47300	0.01601373	0.11831108	0.048037212	0.4289295
474	47400	0.012694355	0.11440509	0.047704063	0.4403112
475	47500	0.014313427	0.107631706	0.061891686	0.43771467
476	47600	0.02138464	0.11045833	0.06562297	0.43546423
477	47700	0.008827798	0.10640025	0.046095278	0.4296995
478	47800	0.011494219	0.10200444	0.04896088	0.42529613
479	47900	0.010310179	0.1077401	0.04816844	0.4286517
480	48000	0.013810257	0.11579733	0.047120158	0.43246347
481	48100	0.015972901	0.1198439	0.04810435	0.4459937
482	48200	0.0139480885	0.109361224	0.044099428	0.433905
483	48300	0.010828718	0.111268125	0.046974182	0.42804596
484	48400	0.012431541	0.10933014	0.05164134	0.43212163
485	48500	0.010782364	0.11552819	0.05042267	0.42500928
486	48600	0.011673581	0.11078712	0.060292568	0.42843553
487	48700	0.013532336	0.112224095	0.054099023	0.42526132
488	48800	0.011581557	0.10687376	0.04719391	0.4310195
489	48900	0.015235249	0.1094665	0.04377391	0.4293987
490	49000	0.02087962	0.1011907	0.054148357	0.42593467
491	49100	0.014821584	0.11198686	0.045734152	0.43230543
492	49200	0.016941106	0.11190977	0.05336355	0.43334144
493	49300	0.016726539	0.10955198	0.05674388	0.43178904
494	49400	0.010759548	0.10213739	0.04755351	0.43405715
495	49500	0.011619389	0.11253927	0.045982365	0.42866984
496	49600	0.012909306	0.1147338	0.047910057	0.42931777
497	49700	0.013540381	0.109646335	0.048935447	0.4308377
498	49800	0.011129497	0.10476525	0.04689942	0.43594506
499	49900	0.018842991	0.10910176	0.05111084	0.43002617
500	50000	0.011913588	0.10595926	0.049280297	0.4382026
501	50100	0.0143297	0.11661337	0.046621196	0.42759758
502	50200	0.015425303	0.105792105	0.047125246	0.43423826
503	50300	0.008896909	0.10069533	0.046759035	0.4313721
504	50400	0.017428266	0.102301575	0.045085654	0.42866415
505	50500	0.013516177	0.111119725	0.053243514	0.43287548
506	50600	0.012423574	0.113681905	0.04652405	0.42843607
507	50700	0.015335929	0.11293255	0.048828125	0.43410826
508	50800	0.024215374	0.11322984	0.060053	0.42803973
509	50900	0.010601516	0.107459255	0.048859153	0.43074512
510	51000	0.015456072	0.10878369	0.04523163	0.44178733
511	51100	0.014054323	0.11187143	0.0458018	0.4280825
512	51200	0.011005182	0.10433789	0.044870507	0.43582812
513	51300	0.011573663	0.10136094	0.049035136	0.42910856
514	51400	0.014653126	0.114874	0.04840139	0.4308739
515	51500	0.010974158	0.10876775	0.047842916	0.4300531
516	51600	0.010739859	0.10310024	0.04953359	0.43261155
517	51700	0.008439665	0.09684436	0.04230957	0.4372713
518	51800	0.012177295	0.11150934	0.048602298	0.43090382
519	51900	0.015200085	0.10981124	0.049967956	0.43075982
520	52000	0.01877016	0.10824509	0.046407066	0.43475336
521	52100	0.011371896	0.1087632	0.042518616	0.43667653
522	52200	0.0129897585	0.107811905	0.054094445	0.4313442
523	52300	0.016224287	0.105257675	0.052198287	0.43751296
524	52400	0.009355957	0.1026407	0.04600118	0.42900115
525	52500	0.014280486	0.1052044	0.04944611	0.4298381
526	52600	0.0121742375	0.10223596	0.04622091	0.43552005
527	52700	0.02107258	0.11054786	0.052330017	0.42458776
528	52800	0.00995694	0.10261906	0.04568634	0.43680468
529	52900	0.013322994	0.10862296	0.045880638	0.44049123
530	53000	0.013044415	0.1030937	0.046306357	0.43546286
531	53100	0.011086369	0.10233352	0.045404054	0.4361825
532	53200	0.010299693	0.099621534	0.044546004	0.43365777
533	53300	0.012663084	0.10148505	0.051168825	0.43454307
534	53400	0.01967647	0.10668224	0.051796474	0.43510568
535	53500	0.012841119	0.107485615	0.051527917	0.42812225
536	53600	0.012199983	0.10931791	0.04792379	0.43162942
537	53700	0.011630539	0.1069737	0.047418214	0.43396154
538	53800	0.010604753	0.10367338	0.044819135	0.43465436
539	53900	0.009022481	0.096148014	0.047598775	0.43418372
540	54000	0.010888862	0.105605684	0.05381419	0.4325293
541	54100	0.017111065	0.106915615	0.066754155	0.43174314
542	54200	0.010933861	0.102221385	0.046091717	0.4296382
543	54300	0.023311866	0.101724684	0.069971725	0.4276126
544	54400	0.010116335	0.10564951	0.04837545	0.4366706
545	54500	0.009856887	0.10839051	0.046710715	0.4300042
546	54600	0.017017957	0.11653904	0.051399745	0.43478918
547	54700	0.010762605	0.10655239	0.047235113	0.43393466
548	54800	0.009805329	0.10479613	0.053094994	0.4273494
549	54900	0.015081486	0.10388003	0.048290506	0.43154576
550	55000	0.012693267	0.09903544	0.049962875	0.42965335
551	55100	0.014630111	0.104632124	0.053297427	0.43108997
552	55200	0.008635579	0.09772817	0.04467621	0.4366393
553	55300	0.00952352	0.09928722	0.04538829	0.4370987
554	55400	0.017230779	0.10527446	0.050385542	0.43683162
555	55500	0.010967134	0.09879287	0.067386374	0.4369239
556	55600	0.012557368	0.099568464	0.049029034	0.43346703
557	55700	0.014275245	0.100240044	0.04626058	0.4317811
558	55800	0.016562449	0.111189865	0.05188344	0.43521744
559	55900	0.014194043	0.10829106	0.04670817	0.43574786
560	56000	0.0086535495	0.096790135	0.04625244	0.43630627
561	56100	0.009296573	0.09540828	0.04382172	0.43970746
562	56200	0.013058309	0.102266245	0.04921875	0.4358753
563	56300	0.011011787	0.10148038	0.047874454	0.43577328
564	56400	0.011450587	0.09969372	0.047790527	0.43591252
565	56500	0.006998739	0.09478514	0.0446874	0.43686342
566	56600	0.010879	0.097168155	0.044382732	0.43925563
567	56700	0.012892155	0.10080637	0.04473165	0.44030106
568	56800	0.01078755	0.0987906	0.048783876	0.43507606
569	56900	0.01505928	0.09747857	0.048231	0.43604684
570	57000	0.015255235	0.107407205	0.045933023	0.4352191
571	57100	0.009763797	0.09746396	0.0483902	0.4348542
572	57200	0.013107728	0.09860158	0.049362693	0.4354169
573	57300	0.011717882	0.103820145	0.048787437	0.43986702
574	57400	0.009756036	0.10355671	0.047169495	0.43144724
575	57500	0.013680487	0.10266705	0.048862204	0.43869963
576	57600	0.012688326	0.10122498	0.06054739	0.44332495
577	57700	0.0138468975	0.10241243	0.05349579	0.4350617
578	57800	0.016670547	0.102505855	0.045305382	0.4421348
579	57900	0.009306753	0.103999324	0.044966634	0.43441898
580	58000	0.010621141	0.09808812	0.046526592	0.4317024
581	58100	0.012906192	0.100585565	0.045529686	0.4316181
582	58200	0.011438731	0.100407064	0.048143007	0.4360415
583	58300	0.015131103	0.10578321	0.04386139	0.4386394
584	58400	0.0158944	0.10144605	0.051009625	0.43804407
585	58500	0.010219235	0.104240954	0.04766185	0.43619648
586	58600	0.016118823	0.09457234	0.04521688	0.4376999
587	58700	0.013055796	0.09584981	0.054285686	0.43884996
588	58800	0.010518988	0.100599214	0.050986737	0.4375908
589	58900	0.013577856	0.10394055	0.04965719	0.43930387
590	59000	0.010316686	0.10199269	0.045519512	0.43841743
591	59100	0.013260758	0.099510506	0.048737083	0.43631473
592	59200	0.009598905	0.09339297	0.042586774	0.4384136
593	59300	0.009900141	0.09579843	0.047040816	0.43483764
594	59400	0.012058934	0.1030023	0.04984894	0.43628666
595	59500	0.017153686	0.10459096	0.04462331	0.43659332
596	59600	0.020487146	0.107698485	0.045874532	0.4334196
597	59700	0.012811462	0.10365333	0.050574243	0.44063294
598	59800	0.014313836	0.09679812	0.04782054	0.43950024
599	59900	0.012505757	0.09967813	0.043632507	0.43764892
600	60000	0.015975343	0.10175563	0.046558637	0.43221506
601	60100	0.010314561	0.09566659	0.050315857	0.4394635
602	60200	0.015625883	0.09813068	0.059129335	0.43887037
603	60300	0.012273545	0.101893276	0.0461436	0.44051534
604	60400	0.010638862	0.09847124	0.04526164	0.4375961
605	60500	0.010003369	0.10398223	0.048738103	0.43439585
606	60600	0.011931368	0.09976235	0.046288047	0.4370924
607	60700	0.011200624	0.09897347	0.04522807	0.4328672
608	60800	0.017523196	0.10421581	0.062350977	0.43521193
609	60900	0.009637694	0.10406315	0.045514937	0.4413254
610	61000	0.013531649	0.099721156	0.046100874	0.4357426
611	61100	0.009939626	0.10051689	0.043940227	0.4377482
612	61200	0.019725729	0.10382867	0.04397125	0.44225875
613	61300	0.011123485	0.09977268	0.04547984	0.4383964
614	61400	0.008326163	0.098738775	0.045070395	0.43820506
615	61500	0.013217828	0.098385334	0.04710236	0.44194028
616	61600	0.010923422	0.10073495	0.0440979	0.4368537
617	61700	0.016470466	0.10220492	0.054393012	0.4336233
618	61800	0.009090544	0.097523555	0.051537074	0.44009238
619	61900	0.011957787	0.09722844	0.04836782	0.43858427
620	62000	0.012086751	0.1005076	0.045178223	0.4479604
621	62100	0.0105214035	0.095379606	0.049980164	0.4396422
622	62200	0.014722433	0.100417726	0.05081126	0.43594694
623	62300	0.015273267	0.102215454	0.053103644	0.4447788
624	62400	0.010573155	0.09721054	0.049413554	0.43551365
625	62500	0.019793434	0.0963317	0.04977468	0.43389782
626	62600	0.011990497	0.09520999	0.043267313	0.44230258
627	62700	0.010448095	0.09966782	0.046781924	0.4418748
628	62800	0.0103052715	0.098487675	0.058219403	0.44199288
629	62900	0.008974458	0.095948994	0.045573425	0.438554
630	63000	0.00867219	0.09142727	0.046033226	0.4443782
631	63100	0.008969736	0.09707797	0.043036398	0.43874645
632	63200	0.0116220405	0.101904556	0.0551	0.4395432
633	63300	0.013841557	0.095001966	0.048070785	0.437403
634	63400	0.015519529	0.10518552	0.045432538	0.43700364
635	63500	0.015396411	0.09795045	0.050072737	0.44138426
636	63600	0.010025581	0.09516654	0.045729067	0.43706918
637	63700	0.0116110435	0.09462735	0.05159353	0.44186637
638	63800	0.008067324	0.0934706	0.043992616	0.44422838
639	63900	0.01095734	0.093404405	0.049077865	0.43794164
640	64000	0.009241863	0.10335296	0.04355825	0.4382003
641	64100	0.011659277	0.09614215	0.0497523	0.44184536
642	64200	0.025586957	0.098607816	0.046163436	0.4371644
643	64300	0.018371213	0.094232544	0.04341126	0.44330043
644	64400	0.011176625	0.09980139	0.047285464	0.4395507
645	64500	0.007135698	0.093255386	0.043777976	0.4444574
646	64600	0.009161083	0.09484123	0.04576162	0.443082
647	64700	0.012978608	0.10089374	0.04411062	0.4501493
648	64800	0.01155255	0.09729873	0.048368838	0.43860993
649	64900	0.009062908	0.09393472	0.04667664	0.44624174
650	65000	0.010348384	0.100272395	0.05014191	0.43540773
651	65100	0.014777554	0.10461786	0.052921046	0.44210213
652	65200	0.013212604	0.09729976	0.046729535	0.43710554
653	65300	0.008078754	0.097602434	0.04507955	0.44159117
654	65400	0.013864297	0.10286374	0.0449585	0.4437961
655	65500	0.014254764	0.093197845	0.051580306	0.43747824
656	65600	0.008401883	0.09419115	0.045710754	0.44125718
657	65700	0.011789217	0.098773934	0.047728475	0.43868405
658	65800	0.008674607	0.09355189	0.04705709	0.4379043
659	65900	0.0082284035	0.097082585	0.04307251	0.44059926
660	66000	0.012077468	0.0983263	0.042548627	0.4387997
661	66100	0.009585372	0.09157126	0.048474632	0.4385693
662	66200	0.014726882	0.097273864	0.043699138	0.441251
663	66300	0.009367972	0.100532845	0.04742076	0.43899167
664	66400	0.010934448	0.09745143	0.045032248	0.4373653
665	66500	0.014563571	0.09522987	0.045448307	0.4394248
666	66600	0.008468094	0.086624496	0.046150718	0.4404721
667	66700	0.013537832	0.09566934	0.04774628	0.4418627
668	66800	0.012653011	0.09454521	0.046022546	0.44159633
669	66900	0.01010185	0.093901634	0.044337973	0.44074166
670	67000	0.015025976	0.09588	0.048491415	0.4368003
671	67100	0.012394114	0.09919867	0.046899416	0.44023505
672	67200	0.011012549	0.09782263	0.046763103	0.44348112
673	67300	0.013773917	0.09388499	0.053400677	0.44458324
674	67400	0.010065483	0.08935866	0.047720846	0.44202873
675	67500	0.014605903	0.099348426	0.04625244	0.44121742
676	67600	0.009834274	0.095216975	0.043916322	0.44143382
677	67700	0.01037155	0.09687894	0.043499246	0.44509414
678	67800	0.014145917	0.10124059	0.050116476	0.43637103
679	67900	0.011598086	0.09292661	0.049462896	0.44035754
680	68000	0.008617574	0.09565176	0.04696452	0.44244438
681	68100	0.011192209	0.095170505	0.045269266	0.4463383
682	68200	0.0092507955	0.092962466	0.044344585	0.44455191
683	68300	0.014082802	0.0978033	0.046028648	0.44207045
684	68400	0.007799866	0.09209686	0.045933537	0.44077313
685	68500	0.010702292	0.09836757	0.04714508	0.44559145
686	68600	0.011144948	0.09466686	0.046744794	0.44623286
687	68700	0.009397794	0.08831217	0.04617259	0.44310695
688	68800	0.010121113	0.10119984	0.046962485	0.44456622
689	68900	0.0074847965	0.092067346	0.046698	0.4410653
690	69000	0.016124891	0.091158636	0.04971161	0.44064406
691	69100	0.00859625	0.09087627	0.044289652	0.44683588
692	69200	0.008425807	0.09108951	0.04226685	0.44369844
693	69300	0.008882553	0.09631871	0.04695435	0.44387054
694	69400	0.011259871	0.09426573	0.0447581	0.4446697
695	69500	0.011913381	0.09354335	0.058904525	0.44602233
696	69600	0.008570341	0.09304935	0.044010416	0.44569084
697	69700	0.0091181835	0.100850716	0.048216756	0.4435025
698	69800	0.011763044	0.10086738	0.04867808	0.43981317
699	69900	0.012420557	0.10111096	0.0483902	0.44297254
700	70000	0.008676384	0.093704194	0.04624329	0.4424304
701	70100	0.0079982225	0.09375351	0.04612376	0.44434443
702	70200	0.00994333	0.09849255	0.054724634	0.43858364
703	70300	0.008771306	0.09661294	0.0490387	0.44094583
704	70400	0.009975185	0.09481616	0.049981184	0.44109964
705	70500	0.008018415	0.08813878	0.043087263	0.44566408
706	70600	0.010407948	0.09328698	0.045300297	0.44521737
707	70700	0.008968094	0.094071686	0.04352875	0.44091067
708	70800	0.011118407	0.09445952	0.043915812	0.44374892
709	70900	0.0092162965	0.08910147	0.044672143	0.44184983
710	71000	0.011600936	0.09319164	0.04545441	0.44579718
711	71100	0.011669353	0.09606602	0.046852622	0.442436
712	71200	0.010214404	0.09266846	0.051410425	0.44035462
713	71300	0.012113178	0.09452117	0.046763103	0.4403029
714	71400	0.008176176	0.09649895	0.047407534	0.44042277
715	71500	0.010536649	0.09718101	0.04522451	0.4435953
716	71600	0.010247073	0.09536706	0.04943034	0.44321856
717	71700	0.015249988	0.09095387	0.053842675	0.44622362
718	71800	0.009932976	0.092769	0.04650167	0.44105652
719	71900	0.009447061	0.09066315	0.04282583	0.4401673
720	72000	0.013616957	0.09539744	0.055480964	0.4452492
721	72100	0.010166215	0.09462204	0.049372356	0.44016388
722	72200	0.011010613	0.09814837	0.045819603	0.4388514
723	72300	0.010467942	0.09828802	0.043029785	0.44328797
724	72400	0.013258894	0.09962154	0.045255028	0.44492596
725	72500	0.0142975105	0.09612816	0.047956344	0.4457948
726	72600	0.006485772	0.092550755	0.04377696	0.45064768
727	72700	0.010000101	0.0918984	0.047992963	0.4449782
728	72800	0.013257878	0.091426745	0.050234985	0.4455103
729	72900	0.011191785	0.093314126	0.04210968	0.44761997
730	73000	0.01021038	0.0882474	0.047736615	0.44866845
731	73100	0.012523165	0.09370454	0.045067344	0.44871932
732	73200	0.014384513	0.09800699	0.044319663	0.4416403
733	73300	0.010710312	0.092355914	0.04359385	0.44434288
734	73400	0.008722134	0.09637422	0.043385316	0.4425473
735	73500	0.00950011	0.095046975	0.049555972	0.44282997
736	73600	0.007671133	0.0881389	0.043559775	0.4457001
737	73700	0.012560496	0.09098685	0.048604332	0.44332987
738	73800	0.008139117	0.08979925	0.045167036	0.4482097
739	73900	0.012129486	0.096571945	0.04559784	0.44821528
740	74000	0.009248362	0.09711219	0.042619836	0.44653007
741	74100	0.008073431	0.09026663	0.045248415	0.4416652
742	74200	0.009047952	0.09202918	0.04341431	0.4402952
743	74300	0.01058606	0.09511363	0.06035411	0.44403005
744	74400	0.008720875	0.088798255	0.044018555	0.44538608
745	74500	0.011307132	0.090664156	0.044423934	0.44472086
746	74600	0.007831425	0.09205811	0.046389773	0.44429925
747	74700	0.012850672	0.096708275	0.0453125	0.44080722
748	74800	0.010204547	0.09603451	0.048961896	0.4479938
749	74900	0.007634104	0.090382464	0.04421438	0.44889668
750	75000	0.010201456	0.089320794	0.04425914	0.4482545
751	75100	0.010669369	0.09446064	0.046072897	0.44683847
752	75200	0.008032606	0.09117842	0.041493736	0.44596016
753	75300	0.0148075055	0.09667954	0.05559845	0.45041698
754	75400	0.0069221845	0.088639006	0.04675344	0.44750035
755	75500	0.010638542	0.09372882	0.04521637	0.44369105
756	75600	0.0072457027	0.09104102	0.04432119	0.445453
757	75700	0.010885548	0.096821606	0.04668732	0.4444192
758	75800	0.011815884	0.09579967	0.04083812	0.44527397
759	75900	0.009782743	0.09316385	0.04323222	0.44433716
760	76000	0.012817203	0.093051344	0.054504395	0.44805673
761	76100	0.007040577	0.0867904	0.045895897	0.4451156
762	76200	0.0090056155	0.09189632	0.043012492	0.4447809
763	76300	0.0092369635	0.08692093	0.043769836	0.4468685
764	76400	0.010835577	0.09568375	0.044989016	0.44423315
765	76500	0.007819105	0.09210473	0.0466273	0.4431399
766	76600	0.009724638	0.0861927	0.042612206	0.44696552
767	76700	0.010569601	0.100515634	0.048093162	0.45166343
768	76800	0.00979295	0.09314843	0.04694468	0.44901782
769	76900	0.010215057	0.09179474	0.04558411	0.44212586
770	77000	0.011602396	0.084720396	0.046692915	0.45166504
771	77100	0.00906596	0.0898578	0.050942488	0.442162
772	77200	0.007131946	0.09169556	0.044518534	0.44644177
773	77300	0.0119586205	0.09140849	0.050136317	0.44242916
774	77400	0.015817095	0.08976685	0.045096334	0.44542772
775	77500	0.011630501	0.08994632	0.045359295	0.44650036
776	77600	0.012288256	0.09532741	0.045753483	0.45266983
777	77700	0.010308766	0.09126079	0.044873558	0.44738972
778	77800	0.008207255	0.08817788	0.045937605	0.44790503
779	77900	0.010564198	0.09220587	0.04857178	0.45042786
780	78000	0.009512094	0.08797536	0.04410604	0.45108077
781	78100	0.010159214	0.08816506	0.044740807	0.45082083
782	78200	0.009166458	0.08712687	0.04866384	0.4470974
783	78300	0.0062493496	0.08581111	0.04535675	0.4475013
784	78400	0.011752728	0.08790781	0.0449646	0.44505256
785	78500	0.009136428	0.09051742	0.05180156	0.44507352
786	78600	0.008306994	0.08854093	0.045182806	0.44920817
787	78700	0.010025448	0.092226334	0.04377696	0.44552496
788	78800	0.011298378	0.09606671	0.04413859	0.45061713
789	78900	0.008035802	0.09015398	0.04725444	0.4468925
790	79000	0.007137368	0.086305544	0.042641707	0.45018673
791	79100	0.009888022	0.090283066	0.045469668	0.4468303
792	79200	0.008691464	0.08866374	0.044670615	0.44790906
793	79300	0.011084278	0.09316038	0.047088113	0.44672444
794	79400	0.008568365	0.08893488	0.045495607	0.44882163
795	79500	0.00979882	0.09312256	0.046297204	0.4481769
796	79600	0.0072580217	0.09018691	0.045892335	0.44722587
797	79700	0.010032804	0.091355026	0.046677146	0.4460589
798	79800	0.010169743	0.08949045	0.042917382	0.44993225
799	79900	0.008755337	0.08743085	0.04815979	0.4464424
800	80000	0.014782034	0.09015147	0.046562195	0.44414976
801	80100	0.014714427	0.09103778	0.047492985	0.44407368
802	80200	0.0070124953	0.090411305	0.04396464	0.44765845
803	80300	0.009103845	0.08618885	0.043755595	0.44746542
804	80400	0.0074178632	0.087878376	0.04711711	0.44805446
805	80500	0.0094169825	0.08713166	0.048759464	0.4515878
806	80600	0.014394488	0.09226436	0.053973388	0.44875872
807	80700	0.0075679193	0.08674423	0.04648539	0.44815934
808	80800	0.008957386	0.089236416	0.046994023	0.44772014
809	80900	0.009863466	0.089346565	0.047706097	0.44882593
810	81000	0.013296484	0.09060144	0.044421386	0.44730964
811	81100	0.012779181	0.08738549	0.06033021	0.4492161
812	81200	0.008686987	0.09107038	0.044967145	0.4477334
813	81300	0.007419722	0.08441957	0.04182638	0.44996047
814	81400	0.007424901	0.08580169	0.044188436	0.44709557
815	81500	0.0073099798	0.08590076	0.047936507	0.44825274
816	81600	0.0094248	0.086599566	0.043951925	0.4486683
817	81700	0.010308884	0.09059104	0.047414146	0.45115334
818	81800	0.012125946	0.08924136	0.060713198	0.44182682
819	81900	0.008813972	0.094436124	0.04399109	0.44769123
820	82000	0.009113009	0.0907278	0.04528453	0.44792843
821	82100	0.007678209	0.08791511	0.0452769	0.4456202
822	82200	0.013183816	0.0884823	0.04415436	0.4481861
823	82300	0.009485751	0.09319159	0.048241682	0.4476341
824	82400	0.006859641	0.08729035	0.044092815	0.44756868
825	82500	0.008624413	0.08744685	0.043930054	0.44686195
826	82600	0.009833564	0.086139485	0.0449412	0.44834653
827	82700	0.008853399	0.08959481	0.0475413	0.4460179
828	82800	0.008204138	0.086799264	0.044917807	0.4478101
829	82900	0.006897899	0.08962064	0.04398702	0.45212165
830	83000	0.007350252	0.08726731	0.04378815	0.44563705
831	83100	0.007896138	0.08879707	0.04358114	0.4474519
832	83200	0.0077157235	0.086416334	0.046215825	0.44818106
833	83300	0.00926658	0.087663144	0.04236196	0.4503065
834	83400	0.0109958	0.09203014	0.042105105	0.44992858
835	83500	0.0084389765	0.08974635	0.045688376	0.44940457
836	83600	0.009110223	0.08952207	0.046500653	0.44915396
837	83700	0.00991484	0.09112337	0.047848	0.44286346
838	83800	0.010387533	0.08269311	0.043752547	0.4515625
839	83900	0.009474885	0.09147767	0.047040816	0.4467983
840	84000	0.009753289	0.092158675	0.043648787	0.44911087
841	84100	0.007424577	0.0877147	0.04209442	0.4482832
842	84200	0.008119806	0.08480671	0.05021515	0.45011738
843	84300	0.009058508	0.08491645	0.041698202	0.449103
844	84400	0.011758753	0.09379239	0.050633755	0.4476129
845	84500	0.008871552	0.09039728	0.04339244	0.45289245
846	84600	0.0118673025	0.089260705	0.052423097	0.44986543
847	84700	0.009530502	0.08552028	0.04526825	0.4462875
848	84800	0.014974732	0.093550526	0.047010805	0.44794652
849	84900	0.007187798	0.09042775	0.045629885	0.45035732
850	85000	0.0074691577	0.08011296	0.04412486	0.45101324
851	85100	0.009975234	0.08925832	0.05082652	0.4486397
852	85200	0.00868624	0.0878232	0.044489544	0.4509085
853	85300	0.008798225	0.09031211	0.04764455	0.44812632
854	85400	0.009234693	0.08836478	0.04459178	0.44836494
855	85500	0.009215884	0.08753838	0.046500143	0.44826958
856	85600	0.007569341	0.08097424	0.044731144	0.44804373
857	85700	0.007864283	0.08464792	0.051418055	0.44902995
858	85800	0.006175097	0.0861034	0.045726016	0.45049822
859	85900	0.008191876	0.08744003	0.044114687	0.45051754
860	86000	0.009478709	0.08937959	0.04562734	0.4519027
861	86100	0.008106251	0.08555402	0.04341685	0.4514387
862	86200	0.006158125	0.08008383	0.044013977	0.44797647
863	86300	0.007913338	0.08943179	0.04472555	0.44879043
864	86400	0.0071601872	0.08945992	0.044682313	0.449123
865	86500	0.00993585	0.08640356	0.044650268	0.44990978
866	86600	0.00928085	0.08511915	0.048340354	0.4500725
867	86700	0.007208848	0.08952948	0.04423523	0.4494619
868	86800	0.008455633	0.08916458	0.04689789	0.4475889
869	86900	0.01058885	0.09045151	0.045895897	0.45077902
870	87000	0.009125093	0.08342324	0.041775003	0.4517199
871	87100	0.011774236	0.08927806	0.042285156	0.4535225
872	87200	0.006387872	0.08470248	0.04650269	0.4536975
873	87300	0.009811575	0.0837192	0.04200389	0.4508064
874	87400	0.008961864	0.086221166	0.049957275	0.44881025
875	87500	0.00832647	0.084281154	0.04562734	0.45316046
876	87600	0.008232924	0.0907196	0.04437561	0.45052728
877	87700	0.0076858704	0.09040446	0.047580976	0.45280302
878	87800	0.008145748	0.08377946	0.04559021	0.4482711
879	87900	0.011817599	0.08424798	0.045172628	0.45364922
880	88000	0.007914045	0.08692177	0.04387614	0.45120302
881	88100	0.008773485	0.084687814	0.042752586	0.45038745
882	88200	0.008493472	0.088231705	0.043842573	0.45072606
883	88300	0.0077067763	0.08890348	0.042965192	0.44571543
884	88400	0.009718791	0.09090579	0.045106508	0.45370212
885	88500	0.009599042	0.08900043	0.046080526	0.45411187
886	88600	0.009257733	0.08789311	0.0480896	0.452769
887	88700	0.0071329377	0.08335554	0.044267274	0.45000613
888	88800	0.0083057955	0.09068502	0.04322561	0.45063812
889	88900	0.0077229775	0.08607739	0.047357183	0.44658127
890	89000	0.010411125	0.08947522	0.04285889	0.4490084
891	89100	0.008402872	0.085229084	0.04447174	0.4545469
892	89200	0.009143677	0.090319216	0.04954122	0.4487481
893	89300	0.008302529	0.087886974	0.04588318	0.4492296
894	89400	0.008216037	0.086643554	0.04306539	0.4496122
895	89500	0.006019791	0.08960567	0.044388838	0.4505479
896	89600	0.0071120877	0.08633481	0.04626567	0.4533091
897	89700	0.008363979	0.08678142	0.043741863	0.45061594
898	89800	0.0071409764	0.086521775	0.043318685	0.4534117
899	89900	0.0073712487	0.08832344	0.04309947	0.452295
900	90000	0.008208267	0.07955347	0.046870932	0.44980162
901	90100	0.008577282	0.08242454	0.04470266	0.4525314
902	90200	0.008900279	0.08697745	0.045885723	0.44976193
903	90300	0.006180706	0.083509825	0.04394379	0.45022413
904	90400	0.0115522975	0.08491279	0.047353618	0.45189404
905	90500	0.010358386	0.08516134	0.046624757	0.45244744
906	90600	0.0075224913	0.0854607	0.048773702	0.45242074
907	90700	0.007821135	0.08392235	0.043788146	0.45098823
908	90800	0.0067521185	0.088398494	0.04302928	0.45340973
909	90900	0.007896576	0.084583834	0.04424032	0.45145676
910	91000	0.00750127	0.087566406	0.04525401	0.45166227
911	91100	0.008368462	0.08133715	0.05259756	0.4500238
912	91200	0.0071897698	0.0848055	0.04321442	0.4490696
913	91300	0.009907945	0.08498194	0.045456443	0.45015526
914	91400	0.010290259	0.08744422	0.049214683	0.45196533
915	91500	0.015118046	0.081748106	0.04662018	0.45158455
916	91600	0.0066975234	0.08380965	0.043572493	0.44990876
917	91700	0.011109824	0.0861408	0.045116678	0.4516777
918	91800	0.008983865	0.08329939	0.04577637	0.4525798
919	91900	0.007367451	0.090207346	0.04537557	0.44817996
920	92000	0.008935495	0.08525182	0.043677267	0.45030716
921	92100	0.008344527	0.0843381	0.04319865	0.4516148
922	92200	0.008654635	0.085972935	0.04345093	0.4522976
923	92300	0.008217087	0.083433196	0.04838104	0.452679
924	92400	0.008587361	0.090034775	0.044152327	0.45318857
925	92500	0.0070981975	0.085158415	0.047539778	0.44986832
926	92600	0.0084656775	0.08548783	0.045628868	0.45313966
927	92700	0.010086866	0.084715694	0.051261395	0.4525549
928	92800	0.006075901	0.08288404	0.04260712	0.451684
929	92900	0.007518263	0.08536319	0.043947857	0.45247924
930	93000	0.006880241	0.08301811	0.04340973	0.45191368
931	93100	0.0078107947	0.08497118	0.04475708	0.4507709
932	93200	0.006121381	0.08152629	0.048465475	0.45561463
933	93300	0.009986042	0.08422456	0.04329936	0.45457017
934	93400	0.008878576	0.08226471	0.04492137	0.4497247
935	93500	0.008404841	0.090119526	0.043813072	0.45075768
936	93600	0.008522719	0.087049656	0.057988998	0.45292178
937	93700	0.009365508	0.07860427	0.04398041	0.45397747
938	93800	0.007636246	0.085786	0.043385316	0.45055765
939	93900	0.010005592	0.09092728	0.050219726	0.45253137
940	94000	0.0070887813	0.08591616	0.0447464	0.4519732
941	94100	0.009302321	0.08974583	0.044237267	0.45087722
942	94200	0.0065091373	0.08348071	0.044612125	0.45257837
943	94300	0.0054261857	0.08660917	0.04499919	0.45128027
944	94400	0.009551738	0.08544121	0.049473576	0.45078605
945	94500	0.008920466	0.08471033	0.045174155	0.44885093
946	94600	0.007627074	0.08650466	0.044710796	0.4493125
947	94700	0.009074875	0.08588606	0.049910482	0.45337936
948	94800	0.0067585884	0.08475041	0.043884788	0.44850466
949	94900	0.007096491	0.08124186	0.04578654	0.45375112
950	95000	0.0076208836	0.08794588	0.043550115	0.4503024
951	95100	0.0077167666	0.084840655	0.04826864	0.45123097
952	95200	0.008975995	0.08384091	0.04577993	0.45138922
953	95300	0.010454427	0.085292965	0.045943197	0.45246616
954	95400	0.0095808795	0.08745487	0.048455816	0.45353404
955	95500	0.0075142505	0.08068597	0.04450684	0.45070732
956	95600	0.010772281	0.08496179	0.043440755	0.4579205
957	95700	0.0084263	0.08651425	0.04588979	0.44999227
958	95800	0.006566766	0.08452819	0.043097433	0.4513774
959	95900	0.008134514	0.08655733	0.04375814	0.450681
960	96000	0.008266483	0.08248812	0.04424591	0.4507059
961	96100	0.009289441	0.08473412	0.044237774	0.45206147
962	96200	0.009002108	0.08589076	0.04676361	0.4530547
963	96300	0.008185098	0.08492698	0.04395447	0.45502645
964	96400	0.008935668	0.08446657	0.04602458	0.4511603
965	96500	0.0072383247	0.08245414	0.044363406	0.4529553
966	96600	0.006049736	0.08367204	0.043434143	0.45316276
967	96700	0.0076214666	0.0849387	0.042681884	0.452687
968	96800	0.0075813998	0.0815692	0.04505259	0.45277882
969	96900	0.0072845523	0.07645452	0.042978417	0.45442992
970	97000	0.005654248	0.08459278	0.045875043	0.45357448
971	97100	0.006860702	0.083504066	0.046793114	0.45213434
972	97200	0.008033689	0.084074296	0.04512126	0.45394236
973	97300	0.008840154	0.08305362	0.045145165	0.45232815
974	97400	0.0065273917	0.078924224	0.04267985	0.45668137
975	97500	0.008463825	0.085303105	0.04826915	0.450571
976	97600	0.006215453	0.08597932	0.046612553	0.45134038
977	97700	0.006739891	0.08428288	0.043672185	0.45555994
978	97800	0.0067965644	0.082059614	0.04489136	0.4496079
979	97900	0.007420157	0.081138685	0.042271934	0.45957792
980	98000	0.008686151	0.08545996	0.046484884	0.45481533
981	98100	0.008026429	0.085951306	0.042898055	0.45403922
982	98200	0.007891279	0.08196778	0.045490522	0.45192695
983	98300	0.008554929	0.08906845	0.046036277	0.45090264
984	98400	0.007768466	0.08000254	0.042260744	0.4554453
985	98500	0.0072604846	0.07999416	0.04263967	0.45206204
986	98600	0.0064741843	0.08112163	0.044896446	0.45506227
987	98700	0.006756209	0.08319825	0.044721987	0.45199654
988	98800	0.0077583636	0.08796642	0.04258067	0.45363274
989	98900	0.007471316	0.084669694	0.047399905	0.45231652
990	99000	0.012121893	0.081999645	0.05352936	0.45443222
991	99100	0.008946039	0.082837336	0.04377289	0.45500085
992	99200	0.009720538	0.08500328	0.046608992	0.45470798
993	99300	0.006863349	0.082961015	0.042909242	0.45386603
994	99400	0.00916234	0.08757863	0.044553634	0.45423266
995	99500	0.0057588727	0.08479342	0.042522687	0.4544497
996	99600	0.007871273	0.07907067	0.04465078	0.45432603
997	99700	0.008524887	0.084785864	0.044462077	0.45168653
998	99800	0.0079705715	0.083573624	0.046114605	0.45370877
999	99900	0.00794585	0.08347389	0.04716136	0.4512107
1000	100000	0.010119323	0.08583802	0.04472555	0.4560655
