#epoch	step	MAE/at	MAEF	Val_MAE/at	Val_MAEF
1	100	0.1380541	0.90453285	0.18201524	0.9039583
2	200	0.14236939	0.7911787	0.14886938	0.81388205
3	300	0.108003736	0.66176033	0.12344416	0.73642075
4	400	0.10840562	0.6401412	0.09445382	0.6718212
5	500	0.11351486	0.6414478	0.09891126	0.6337374
6	600	0.0903458	0.6006807	0.11509273	0.5996428
7	700	0.06997675	0.5754289	0.09200072	0.57956064
8	800	0.13711785	0.49247253	0.13084751	0.5625579
9	900	0.08206524	0.53348804	0.09555529	0.531942
10	1000	0.091097794	0.5019068	0.110659204	0.52139616
11	1100	0.082295634	0.49440777	0.06866536	0.49870515
12	1200	0.098272316	0.5075279	0.059217796	0.48742044
13	1300	0.081926815	0.47242063	0.077545404	0.48096064
14	1400	0.07771739	0.4440818	0.068793915	0.46702686
15	1500	0.06871023	0.43701488	0.06064214	0.45595613
16	1600	0.08810073	0.48992175	0.06767869	0.45483944
17	1700	0.06629091	0.46489552	0.08432667	0.4431451
18	1800	0.08157446	0.4312577	0.06480857	0.43446165
19	1900	0.06939111	0.40008962	0.0730524	0.42738461
20	2000	0.06489023	0.4029579	0.06513221	0.42929298
21	2100	0.06569384	0.4137565	0.1347831	0.41926086
22	2200	0.09047781	0.46172366	0.06539849	0.40409073
23	2300	0.060381867	0.4054149	0.06970562	0.40723655
24	2400	0.072517045	0.38477096	0.06498035	0.40043992
25	2500	0.066983	0.39580113	0.09663712	0.39504236
26	2600	0.066130355	0.3888086	0.06253906	0.38815138
27	2700	0.08359848	0.41152257	0.10600221	0.39250195
28	2800	0.06679623	0.4366466	0.085039064	0.38509384
29	2900	0.05866559	0.4268058	0.06389356	0.3858947
30	3000	0.06408085	0.38248068	0.07124088	0.3742113
31	3100	0.06705357	0.4222812	0.09779783	0.37431595
32	3200	0.07881011	0.3916549	0.0878677	0.37213367
33	3300	0.06221384	0.33765686	0.06650854	0.3727821
34	3400	0.054369368	0.40031254	0.085923545	0.36570683
35	3500	0.076670654	0.36296165	0.08000167	0.37272856
36	3600	0.0830269	0.3896473	0.078678064	0.36285102
37	3700	0.06735898	0.33583945	0.058661114	0.36048195
38	3800	0.079997756	0.37892082	0.07751611	0.39117482
39	3900	0.061019	0.38214654	0.0668825	0.36175048
40	4000	0.069008425	0.35966945	0.06760227	0.3504303
41	4100	0.048676677	0.3435324	0.05102362	0.3581341
42	4200	0.064635105	0.3627806	0.06693744	0.35260716
43	4300	0.07146938	0.3467939	0.056056097	0.35336795
44	4400	0.055892628	0.3452001	0.06235293	0.34402946
45	4500	0.06044498	0.35688448	0.058604144	0.3470754
46	4600	0.07091775	0.36689425	0.07401334	0.3614941
47	4700	0.06298438	0.38977507	0.053604648	0.3485988
48	4800	0.077132985	0.3610903	0.07894827	0.3342189
49	4900	0.056654364	0.35481852	0.07641907	0.34627938
50	5000	0.06489716	0.3756922	0.06760028	0.34248316
51	5100	0.057554048	0.34245563	0.055545963	0.34015158
52	5200	0.068772145	0.3409831	0.07979201	0.3370073
53	5300	0.055670023	0.34337127	0.062272705	0.34885612
54	5400	0.06390652	0.3696387	0.0649436	0.34597483
55	5500	0.0532666	0.3260091	0.056302775	0.3380437
56	5600	0.06416145	0.36700448	0.0808255	0.33048356
57	5700	0.054995283	0.36627722	0.057643592	0.3395728
58	5800	0.06929002	0.36681923	0.09484582	0.3372274
59	5900	0.054262504	0.32460302	0.054015335	0.33826467
60	6000	0.052489888	0.33299822	0.08713001	0.32785037
61	6100	0.04842768	0.327787	0.050752886	0.3384759
62	6200	0.080577746	0.32631737	0.08249965	0.33301866
63	6300	0.061877776	0.34212118	0.09083382	0.33407065
64	6400	0.057688583	0.31051946	0.083268896	0.32144052
65	6500	0.04872418	0.3329152	0.056262605	0.33043635
66	6600	0.069348454	0.3101503	0.05958755	0.3248707
67	6700	0.06702102	0.34214693	0.06885434	0.33317935
68	6800	0.072401375	0.31521606	0.07141941	0.33195555
69	6900	0.055640716	0.2931573	0.04624144	0.32536712
70	7000	0.052237276	0.33580047	0.053279843	0.32742557
71	7100	0.06402375	0.32226065	0.057702195	0.31641588
72	7200	0.05433723	0.33513206	0.10317491	0.33238924
73	7300	0.048130695	0.31452084	0.047076114	0.32460567
74	7400	0.08083553	0.33225307	0.07422721	0.32838285
75	7500	0.059532598	0.33781603	0.058553543	0.3209775
76	7600	0.067462035	0.33251113	0.070772186	0.32353735
77	7700	0.06309968	0.3181141	0.07246633	0.31612563
78	7800	0.08578217	0.3547284	0.059626043	0.32361016
79	7900	0.047864772	0.2990413	0.04445041	0.3147225
80	8000	0.054215815	0.3152829	0.063124605	0.31803885
81	8100	0.047523845	0.3045447	0.043651685	0.3110981
82	8200	0.06489626	0.33531916	0.06098212	0.3195989
83	8300	0.049679115	0.27629563	0.049027815	0.31055185
84	8400	0.04437677	0.31548503	0.047727484	0.31527987
85	8500	0.047100846	0.28735396	0.048269868	0.3115511
86	8600	0.07337936	0.32172704	0.09341162	0.31891766
87	8700	0.049437318	0.28531915	0.049664795	0.30982196
88	8800	0.049842015	0.33367765	0.08950452	0.3247053
89	8900	0.046720598	0.28783926	0.054095343	0.31191757
90	9000	0.05894159	0.3406191	0.05382143	0.31235668
91	9100	0.0510557	0.34591246	0.051991656	0.3078274
92	9200	0.04897321	0.3335292	0.044448826	0.30763522
93	9300	0.054911118	0.28908876	0.054077677	0.31454566
94	9400	0.049452472	0.30172613	0.04620679	0.313904
95	9500	0.049789134	0.2975474	0.057936072	0.3060653
96	9600	0.051968288	0.32717988	0.043213673	0.3046833
97	9700	0.049090274	0.25343665	0.056784157	0.306322
98	9800	0.04756072	0.2937187	0.04600534	0.32346115
99	9900	0.03881312	0.27064198	0.050888803	0.30636302
100	10000	0.0522091	0.29349923	0.049030937	0.3049075
101	10100	0.051497534	0.28755152	0.045626577	0.30071226
102	10200	0.06105325	0.29112807	0.051298253	0.29748157
103	10300	0.051702444	0.29023904	0.04725472	0.29688907
104	10400	0.057005588	0.28204918	0.084232025	0.30468386
105	10500	0.050615545	0.27374184	0.055262744	0.3085964
106	10600	0.059889704	0.3162959	0.08447115	0.3117698
107	10700	0.04596767	0.2964772	0.054114893	0.29934847
108	10800	0.055934057	0.30346525	0.06650726	0.3194313
109	10900	0.038452916	0.29823878	0.057362694	0.30257142
110	11000	0.059339985	0.290901	0.061357133	0.3074028
111	11100	0.0569767	0.29649338	0.05969729	0.29989335
112	11200	0.04757074	0.31919792	0.05623184	0.3231278
113	11300	0.05501523	0.28876033	0.052896842	0.29998636
114	11400	0.05051464	0.2907439	0.04263062	0.3218378
115	11500	0.06695004	0.30920893	0.06826601	0.29608867
116	11600	0.04603511	0.30288422	0.046244454	0.29601368
117	11700	0.048560087	0.30556944	0.045997057	0.2961214
118	11800	0.06406347	0.29666376	0.0865498	0.30859873
119	11900	0.03840922	0.25538722	0.043554425	0.2966741
120	12000	0.050449613	0.3102864	0.050604954	0.29267478
121	12100	0.040370446	0.3309045	0.059613746	0.29104665
122	12200	0.050074708	0.28267747	0.05216117	0.29666877
123	12300	0.03704707	0.3019374	0.04157435	0.30958337
124	12400	0.061780374	0.30705228	0.07446208	0.2998107
125	12500	0.03958614	0.3227517	0.043889474	0.29116696
126	12600	0.053855576	0.28214997	0.057889517	0.29802224
127	12700	0.042737477	0.2849359	0.050764408	0.28791514
128	12800	0.07353355	0.29621264	0.056146078	0.29397833
129	12900	0.042530797	0.28656912	0.041865986	0.28774476
130	13000	0.05316257	0.3045554	0.056786403	0.29246652
131	13100	0.05353923	0.297926	0.070775405	0.29287535
132	13200	0.06562982	0.3178645	0.09007431	0.28976244
133	13300	0.037081517	0.26967752	0.04159407	0.2915734
134	13400	0.06267235	0.31936896	0.09108548	0.3146237
135	13500	0.049773127	0.29056856	0.05332918	0.29219764
136	13600	0.043841764	0.29073614	0.04147103	0.3004837
137	13700	0.035229594	0.25587603	0.05159566	0.2853541
138	13800	0.054627012	0.31058452	0.04692917	0.28729448
139	13900	0.038129423	0.267142	0.048851345	0.2828948
140	14000	0.07192109	0.27219263	0.04377085	0.29319113
141	14100	0.063642666	0.29962817	0.059109025	0.2877793
142	14200	0.04680936	0.26444283	0.037625846	0.2792286
143	14300	0.040007245	0.27532953	0.07763045	0.2927589
144	14400	0.05234425	0.30815277	0.0702786	0.28629988
145	14500	0.050630208	0.29882887	0.07381763	0.28829628
146	14600	0.049263664	0.2958157	0.046287045	0.2823634
147	14700	0.055619255	0.3032863	0.049894724	0.29650486
148	14800	0.052686572	0.30151534	0.044748273	0.2895761
149	14900	0.052061744	0.30296266	0.045345534	0.2944855
150	15000	0.047743935	0.26838154	0.047825284	0.29119164
151	15100	0.046935596	0.30799997	0.054585464	0.28306732
152	15200	0.060057078	0.2865616	0.06265713	0.2865151
153	15300	0.046264526	0.29416794	0.08131153	0.28472632
154	15400	0.053131297	0.29493314	0.083856225	0.28740233
155	15500	0.04070806	0.25738907	0.054755095	0.28249675
156	15600	0.046360623	0.28067413	0.048439115	0.28547758
157	15700	0.046162196	0.29942366	0.04478619	0.28408974
158	15800	0.056263264	0.27832747	0.044011634	0.28269866
159	15900	0.04978757	0.29680187	0.040335875	0.2882739
160	16000	0.047228277	0.28053808	0.052005216	0.2957253
161	16100	0.05133095	0.28647888	0.046174765	0.27689794
162	16200	0.038642645	0.28754315	0.03931262	0.27664784
163	16300	0.038778752	0.26634285	0.041893605	0.28060043
164	16400	0.03834802	0.2701764	0.061770074	0.29262754
165	16500	0.035121758	0.29510862	0.04090578	0.28641418
166	16600	0.057056323	0.28097957	0.055211157	0.2811407
167	16700	0.04088506	0.2618148	0.046833247	0.2819611
168	16800	0.06273922	0.2858855	0.03783792	0.2794207
169	16900	0.04209251	0.26177835	0.03934946	0.27490944
170	17000	0.045409538	0.2570359	0.04383174	0.28737095
171	17100	0.036796533	0.26783523	0.04115831	0.27946082
172	17200	0.040391404	0.27606004	0.042273384	0.27695405
173	17300	0.039343666	0.28387693	0.051776305	0.29298812
174	17400	0.061096013	0.2434585	0.059308007	0.27568316
175	17500	0.03133792	0.25300652	0.047040302	0.28651077
176	17600	0.06275749	0.25248444	0.04929718	0.28838596
177	17700	0.05023148	0.26916203	0.08831183	0.27911174
178	17800	0.052723464	0.2828859	0.051324904	0.2768434
179	17900	0.040351693	0.2625387	0.056118477	0.28046626
180	18000	0.04747279	0.28576034	0.050787997	0.28801468
181	18100	0.04150326	0.27310437	0.036995318	0.2759829
182	18200	0.049001805	0.28170997	0.054162096	0.27960065
183	18300	0.051879063	0.27027944	0.052754786	0.27790034
184	18400	0.043551918	0.27883917	0.045572013	0.28690845
185	18500	0.043487687	0.287383	0.040985506	0.2760279
186	18600	0.053334817	0.2777319	0.040545903	0.27257663
187	18700	0.0416785	0.27040517	0.068509154	0.27426606
188	18800	0.04743645	0.26958504	0.054965854	0.2838976
189	18900	0.036581527	0.2736635	0.05152939	0.28235063
190	19000	0.051178634	0.261672	0.046967804	0.27259612
191	19100	0.036066793	0.27918664	0.039456807	0.28335735
192	19200	0.04512327	0.28170907	0.053450998	0.2838246
193	19300	0.037366685	0.28465506	0.045300093	0.27918005
194	19400	0.054703493	0.2900592	0.049237717	0.2739148
195	19500	0.039787017	0.29929873	0.042727083	0.29043847
196	19600	0.047592204	0.25371546	0.044410396	0.27769914
197	19700	0.038016275	0.27430654	0.05636464	0.27063847
198	19800	0.045693196	0.2696927	0.044942793	0.2740891
199	19900	0.037928496	0.25540897	0.043961767	0.2796759
200	20000	0.035953756	0.26662385	0.048625983	0.27582106
201	20100	0.0378976	0.25951645	0.041180767	0.2731787
202	20200	0.04293515	0.25846896	0.037670024	0.27241495
203	20300	0.061829843	0.24752098	0.107673556	0.27671203
204	20400	0.046398833	0.26491812	0.040631797	0.27175522
205	20500	0.04569111	0.25402528	0.052434284	0.27802986
206	20600	0.03630889	0.26065028	0.03818182	0.27373675
207	20700	0.037801318	0.28235868	0.03744495	0.28067166
208	20800	0.048339818	0.24804386	0.047951758	0.2739012
209	20900	0.036747724	0.2672633	0.052286137	0.27267268
210	21000	0.04618223	0.23660359	0.056859255	0.27524787
211	21100	0.04073354	0.26227742	0.06465243	0.28074446
212	21200	0.0515364	0.24321124	0.055228047	0.27278915
213	21300	0.04114274	0.23803191	0.051592536	0.27242863
214	21400	0.039285827	0.2772258	0.036731463	0.28122234
215	21500	0.03845185	0.24928807	0.03687574	0.2791354
216	21600	0.052508265	0.29793385	0.09155585	0.3029601
217	21700	0.03634928	0.2524626	0.053856432	0.27956092
218	21800	0.03682063	0.2817886	0.039903466	0.29041922
219	21900	0.04880206	0.28574103	0.052420393	0.26900488
220	22000	0.040650457	0.27152553	0.07709204	0.27384508
221	22100	0.03276075	0.25312138	0.037536852	0.26839098
222	22200	0.054196957	0.2848958	0.043299537	0.27589443
223	22300	0.034808915	0.26799113	0.03818469	0.27618325
224	22400	0.046384506	0.2669539	0.043271773	0.26662457
225	22500	0.03810013	0.26533812	0.038792398	0.26834443
226	22600	0.037187394	0.2501769	0.043209404	0.2827501
227	22700	0.044132564	0.25115967	0.051859457	0.29339227
228	22800	0.04130609	0.29248613	0.037442215	0.27537635
229	22900	0.040782675	0.28018877	0.046508115	0.2692433
230	23000	0.05135252	0.2772417	0.05360143	0.28736427
231	23100	0.042320587	0.2716218	0.03964028	0.26611558
232	23200	0.0478818	0.2573135	0.046820894	0.26975107
233	23300	0.030436477	0.24197014	0.049470413	0.28352687
234	23400	0.042608295	0.24992856	0.044071667	0.27650127
235	23500	0.035440486	0.27364066	0.04128371	0.26841918
236	23600	0.04805191	0.2630754	0.07859671	0.2917913
237	23700	0.040401958	0.25451323	0.041939247	0.26885575
238	23800	0.04490632	0.26573783	0.046400055	0.279574
239	23900	0.03602133	0.2570731	0.038019292	0.27497566
240	24000	0.04633709	0.28975815	0.059056982	0.27351296
241	24100	0.049693353	0.28508973	0.0593759	0.26937318
242	24200	0.057189167	0.25814745	0.050390933	0.26735824
243	24300	0.035097595	0.26720026	0.049961694	0.27010593
244	24400	0.04975988	0.22534554	0.042807546	0.27026713
245	24500	0.038615167	0.2705409	0.054226324	0.28561708
246	24600	0.043915596	0.29114047	0.03842417	0.26942298
247	24700	0.034805182	0.2435528	0.04324535	0.270413
248	24800	0.053159945	0.24087076	0.04920389	0.2679339
249	24900	0.03654402	0.25119445	0.039564453	0.27046126
250	25000	0.04528115	0.23328711	0.043459464	0.26612246
251	25100	0.036926243	0.26842204	0.045274444	0.27186203
252	25200	0.0678678	0.2572029	0.065028444	0.2852398
253	25300	0.04195635	0.2804579	0.04197397	0.2690981
254	25400	0.03408011	0.28641376	0.03894285	0.28407604
255	25500	0.042790458	0.25502732	0.051193856	0.26836073
256	25600	0.048049353	0.25330254	0.066792026	0.2696947
257	25700	0.042426743	0.265141	0.03524729	0.27001113
258	25800	0.035161346	0.2597413	0.04020235	0.27020863
259	25900	0.031723425	0.2638395	0.03720392	0.2694887
260	26000	0.043951858	0.23935294	0.06347535	0.2715139
261	26100	0.036808014	0.24261618	0.044108156	0.27327612
262	26200	0.043290716	0.23930748	0.04135604	0.2824013
263	26300	0.03651799	0.28793707	0.07183451	0.26848453
264	26400	0.048067916	0.25782806	0.0732691	0.2675878
265	26500	0.03090346	0.24934565	0.037545968	0.26879847
266	26600	0.038998153	0.2801173	0.050749045	0.27701527
267	26700	0.048166692	0.24563593	0.037666097	0.27029833
268	26800	0.036926452	0.24882653	0.0370681	0.26748306
269	26900	0.031522457	0.2456786	0.038995914	0.28206426
270	27000	0.032618344	0.23222527	0.035446264	0.26782706
271	27100	0.058947798	0.2732542	0.047979463	0.26960248
272	27200	0.045250703	0.2659663	0.05060856	0.27069485
273	27300	0.03463673	0.25580215	0.037749	0.2673367
274	27400	0.038456313	0.24320084	0.045126442	0.26520163
275	27500	0.033849366	0.25172147	0.03723822	0.27267212
276	27600	0.04250909	0.2745353	0.045953367	0.27171257
277	27700	0.033389527	0.24819629	0.043347597	0.26591852
278	27800	0.03954677	0.27095622	0.05216497	0.26606953
279	27900	0.04198	0.24000818	0.04118676	0.26683724
280	28000	0.043185037	0.28498325	0.04435383	0.2688925
281	28100	0.026190419	0.24207193	0.04804922	0.27034718
282	28200	0.051124614	0.26769054	0.05335656	0.27313042
283	28300	0.03256108	0.23683758	0.047878113	0.26850545
284	28400	0.048860062	0.25049603	0.04433	0.26896864
285	28500	0.036821563	0.273592	0.038989834	0.26770929
286	28600	0.03937147	0.23693517	0.039528973	0.2660658
287	28700	0.033318903	0.27655834	0.037173703	0.27373865
288	28800	0.04363625	0.2289801	0.057789072	0.27025867
289	28900	0.03546028	0.25008687	0.038296178	0.26986277
290	29000	0.04595788	0.25116187	0.043548983	0.2703095
291	29100	0.034101572	0.24760811	0.040980212	0.27452627
292	29200	0.053360455	0.22545168	0.046326473	0.2728528
293	29300	0.037998185	0.25573826	0.03644199	0.26530585
294	29400	0.036592174	0.24346761	0.045399517	0.26577675
295	29500	0.034320466	0.2565157	0.037388742	0.26662317
296	29600	0.04532737	0.27068016	0.03814653	0.2689888
297	29700	0.03527676	0.24062058	0.038037322	0.2632877
298	29800	0.056770667	0.2588397	0.059190974	0.2654029
299	29900	0.03885191	0.27784634	0.041212242	0.26843286
300	30000	0.03995513	0.24600357	0.043296803	0.26694366
301	30100	0.040076245	0.24413677	0.046656966	0.26402932
302	30200	0.03934174	0.2660227	0.041491807	0.2702475
303	30300	0.032144263	0.22425783	0.03517649	0.2653274
304	30400	0.042674124	0.2610453	0.041708317	0.27078557
305	30500	0.04133591	0.24432845	0.044673875	0.2688378
306	30600	0.039499592	0.24934615	0.04857571	0.27144
307	30700	0.02957738	0.23068361	0.037322093	0.26473498
308	30800	0.042507466	0.25773773	0.041299675	0.26827872
309	30900	0.04213591	0.2502101	0.03773304	0.26677036
310	31000	0.0324087	0.24885789	0.039420255	0.2701728
311	31100	0.04579013	0.25816888	0.04243803	0.26525512
312	31200	0.03632238	0.26888898	0.041346498	0.27115995
313	31300	0.030947275	0.25137687	0.035133474	0.26497462
314	31400	0.04183342	0.24175428	0.05120155	0.2678176
315	31500	0.04428644	0.27227506	0.036245845	0.2649075
316	31600	0.043686323	0.25372067	0.05517125	0.272882
317	31700	0.032949075	0.22568507	0.03710298	0.26266202
318	31800	0.04111768	0.23467088	0.035942893	0.269328
319	31900	0.034710325	0.28170025	0.03777741	0.26886806
320	32000	0.040613845	0.2589223	0.04362847	0.26908502
321	32100	0.045537233	0.25110337	0.062791094	0.26543057
322	32200	0.039998874	0.24865451	0.038383927	0.2659083
323	32300	0.041283336	0.2558039	0.053481106	0.26683262
324	32400	0.033312116	0.26425007	0.041014485	0.26407748
325	32500	0.0317345	0.29296014	0.035571463	0.27823824
326	32600	0.03449989	0.2530327	0.036103077	0.27014956
327	32700	0.038703274	0.25465682	0.037771747	0.2653203
328	32800	0.04195454	0.24940938	0.046036046	0.2614988
329	32900	0.038113926	0.24306643	0.048187666	0.27633512
330	33000	0.039123222	0.26567778	0.036797218	0.27060854
331	33100	0.026735771	0.22668964	0.035262823	0.26328948
332	33200	0.044160187	0.26954487	0.051473793	0.28954336
333	33300	0.034425024	0.26498508	0.041161932	0.2637179
334	33400	0.032942325	0.2231918	0.035331067	0.26465094
335	33500	0.039881296	0.23089325	0.038792334	0.26443526
336	33600	0.0409365	0.25229558	0.053828295	0.27115932
337	33700	0.033973273	0.23940894	0.035493676	0.26831195
338	33800	0.039641056	0.26643062	0.0498678	0.2620291
339	33900	0.039128724	0.2283023	0.046370495	0.26440352
340	34000	0.04485676	0.25204444	0.045918737	0.2732014
341	34100	0.034533076	0.23597193	0.041068427	0.27126342
342	34200	0.047301013	0.25677568	0.04259401	0.28107682
343	34300	0.030206509	0.22149806	0.041663475	0.26256347
344	34400	0.041183054	0.2625056	0.03722202	0.27020666
345	34500	0.02757217	0.24146388	0.036461927	0.2610788
346	34600	0.03829633	0.26044244	0.04672175	0.267023
347	34700	0.034000717	0.26898444	0.042875044	0.26814583
348	34800	0.03891	0.24817492	0.03852039	0.2641169
349	34900	0.042929385	0.25716305	0.036938332	0.26804647
350	35000	0.039998405	0.2399869	0.03827994	0.2628244
351	35100	0.03900731	0.24608937	0.040630788	0.2658238
352	35200	0.04256935	0.24741478	0.035705157	0.26278594
353	35300	0.037054587	0.24218579	0.041346755	0.26341224
354	35400	0.037213285	0.24362105	0.036540914	0.26191175
355	35500	0.035949584	0.29610932	0.033804424	0.26328418
356	35600	0.04415195	0.23992775	0.04017391	0.2719049
357	35700	0.030772364	0.25586137	0.036263507	0.2673333
358	35800	0.036122542	0.22956018	0.046490055	0.26573154
359	35900	0.030394295	0.2208694	0.033876058	0.2660755
360	36000	0.047493298	0.24254873	0.04831617	0.26665536
361	36100	0.028885776	0.2302787	0.03477934	0.2599032
362	36200	0.043957856	0.23342134	0.065538704	0.26255488
363	36300	0.02867102	0.2622091	0.03765575	0.26292053
364	36400	0.039478693	0.2680208	0.036967028	0.27420443
365	36500	0.03314139	0.23862892	0.03600627	0.28127825
366	36600	0.04243464	0.24604726	0.037025042	0.26388124
367	36700	0.039836943	0.2330804	0.044156354	0.2697249
368	36800	0.042028833	0.2637545	0.03957874	0.2667549
369	36900	0.036984302	0.27159494	0.03746797	0.2669563
370	37000	0.03794626	0.25476277	0.035568442	0.26262325
371	37100	0.037700072	0.26073304	0.046920188	0.2716368
372	37200	0.032212377	0.2686596	0.055315726	0.26735386
373	37300	0.035154752	0.22340824	0.040533274	0.26731357
374	37400	0.0438969	0.24140802	0.042257503	0.26390615
375	37500	0.034993708	0.27979732	0.057289947	0.26519623
376	37600	0.05580774	0.27461326	0.051836032	0.26394826
377	37700	0.03711892	0.22978407	0.048758972	0.26600412
378	37800	0.041010838	0.23769574	0.042719	0.26057944
379	37900	0.038163543	0.24044389	0.043626096	0.2631366
380	38000	0.038973384	0.24832866	0.04700101	0.26346433
381	38100	0.027455324	0.21772422	0.0364694	0.26496378
382	38200	0.056659482	0.2471082	0.061377473	0.26568848
383	38300	0.035900693	0.25019035	0.05993585	0.26680148
384	38400	0.031215886	0.2781207	0.04291264	0.26374793
385	38500	0.041244242	0.24227557	0.06403768	0.26204377
386	38600	0.056975707	0.28516468	0.054826096	0.26686424
387	38700	0.024816163	0.22063781	0.034919146	0.26243302
388	38800	0.035925467	0.24001566	0.037238177	0.27007005
389	38900	0.037199307	0.2477384	0.04415008	0.2607261
390	39000	0.050647404	0.24923818	0.06329504	0.26785553
391	39100	0.043859016	0.22760534	0.06636649	0.26664087
392	39200	0.0373509	0.22044218	0.047726087	0.26202404
393	39300	0.03213621	0.23457819	0.035360515	0.26098147
394	39400	0.035348542	0.2543031	0.0394757	0.26237717
395	39500	0.029829504	0.2398462	0.03679063	0.26843458
396	39600	0.034814477	0.22567675	0.034775596	0.2698397
397	39700	0.043648407	0.2583748	0.047020815	0.2681109
398	39800	0.031813063	0.23933609	0.038864333	0.26310736
399	39900	0.029232198	0.2259096	0.036035035	0.26514193
400	40000	0.047163688	0.22783273	0.058597468	0.2631435
401	40100	0.030660832	0.2454565	0.0361135	0.27058017
402	40200	0.038503338	0.25141218	0.03772664	0.26480007
403	40300	0.040575057	0.25124955	0.03779384	0.2662321
404	40400	0.05335503	0.2656868	0.06419365	0.2712405
405	40500	0.032828845	0.22368531	0.03643219	0.26369047
406	40600	0.041048322	0.2622317	0.038005795	0.2649324
407	40700	0.032382347	0.24836223	0.03900518	0.26680836
408	40800	0.030417493	0.2420449	0.038859256	0.2676055
409	40900	0.024228007	0.21380869	0.030515883	0.26320568
410	41000	0.043714933	0.23201285	0.045726366	0.27411112
411	41100	0.028254885	0.21481256	0.037253566	0.261313
412	41200	0.035789393	0.22925885	0.037904408	0.26335537
413	41300	0.02894578	0.25176108	0.033534143	0.26509988
414	41400	0.04653057	0.22822438	0.041434076	0.26307806
415	41500	0.034257863	0.24664706	0.034210876	0.26245546
416	41600	0.067008145	0.22758952	0.052166164	0.26943392
417	41700	0.028630007	0.2355056	0.037952505	0.26173353
418	41800	0.046539564	0.23391108	0.054418426	0.2639514
419	41900	0.03339364	0.23358287	0.03645303	0.2622416
420	42000	0.036387477	0.25577348	0.045503523	0.26174766
421	42100	0.0339874	0.2529037	0.034174316	0.26775056
422	42200	0.03852226	0.25354075	0.044071797	0.2620873
423	42300	0.03484657	0.26972553	0.037359748	0.2623664
424	42400	0.03272069	0.24400555	0.03748619	0.2607365
425	42500	0.030659683	0.24896504	0.054262694	0.266634
426	42600	0.039114922	0.25180846	0.045234997	0.26599455
427	42700	0.03209099	0.22674237	0.03406109	0.2680103
428	42800	0.039241284	0.25785583	0.035680313	0.26349676
429	42900	0.030354133	0.23815912	0.035219412	0.2705582
430	43000	0.039050594	0.2315303	0.039350662	0.26782453
431	43100	0.024616918	0.23108706	0.033547513	0.2622441
432	43200	0.04221394	0.24891727	0.041164014	0.2602713
433	43300	0.025898043	0.23570211	0.03249445	0.2693623
434	43400	0.045405917	0.23660189	0.049224038	0.2636223
435	43500	0.02849389	0.21795036	0.0396244	0.2615768
436	43600	0.03313501	0.20851316	0.035755266	0.26679814
437	43700	0.032418888	0.23583636	0.04441117	0.26418114
438	43800	0.026868045	0.2296684	0.03387623	0.26347566
439	43900	0.032232434	0.21711022	0.037307296	0.26391757
440	44000	0.046304006	0.23122174	0.03500906	0.26263854
441	44100	0.0311236	0.23156032	0.04626556	0.2631821
442	44200	0.03711752	0.22793913	0.049912095	0.26262447
443	44300	0.030470764	0.25651532	0.048464954	0.2626086
444	44400	0.030624717	0.23492238	0.03938608	0.26100793
445	44500	0.034725904	0.22237365	0.03573484	0.2602062
446	44600	0.036950566	0.22337544	0.041621685	0.2653721
447	44700	0.03401223	0.24101274	0.044128895	0.262708
448	44800	0.03555115	0.24457996	0.04789773	0.2704282
449	44900	0.030152855	0.23982769	0.03457942	0.26222357
450	45000	0.042750496	0.23181853	0.036619823	0.26304576
451	45100	0.03205035	0.23272356	0.037366863	0.26440206
452	45200	0.031924497	0.23435815	0.043835696	0.2627341
453	45300	0.032028947	0.23625328	0.035551418	0.26055932
454	45400	0.03943917	0.2173075	0.03561642	0.26716083
455	45500	0.03131351	0.22298594	0.0388828	0.26259726
456	45600	0.04105958	0.24765073	0.043316364	0.26008904
457	45700	0.027055647	0.22386661	0.039033357	0.26105714
458	45800	0.033455983	0.24931134	0.045800738	0.27029958
459	45900	0.03358439	0.26385534	0.037443824	0.26491165
460	46000	0.038288973	0.22545074	0.038272534	0.2609919
461	46100	0.037843738	0.2258688	0.04055965	0.2616043
462	46200	0.036351554	0.26763552	0.034575127	0.2700471
463	46300	0.031336356	0.21594085	0.043532576	0.263479
464	46400	0.032158133	0.22717218	0.03643562	0.2668793
465	46500	0.024852173	0.21151559	0.034012392	0.26481444
466	46600	0.034662876	0.2348235	0.043167528	0.2612515
467	46700	0.031702884	0.2478064	0.044538505	0.26246893
468	46800	0.036024217	0.23439164	0.045485035	0.26391205
469	46900	0.028322892	0.21358038	0.033178546	0.2619632
470	47000	0.03531165	0.23756972	0.04069748	0.27359492
471	47100	0.03167731	0.23057967	0.047763217	0.26349714
472	47200	0.037809726	0.22098584	0.03474474	0.26414713
473	47300	0.027822305	0.25143924	0.033039887	0.26479128
474	47400	0.03001952	0.2507671	0.03470035	0.26080847
475	47500	0.030099275	0.23813911	0.03348494	0.26092723
476	47600	0.039156675	0.2443297	0.037510656	0.26073647
477	47700	0.032525282	0.24161223	0.03482456	0.26048917
478	47800	0.032846455	0.23584932	0.034881637	0.26359206
479	47900	0.029773619	0.24077441	0.039960038	0.26184195
480	48000	0.03341139	0.22941658	0.033626653	0.26194578
481	48100	0.034704644	0.2420793	0.03912809	0.2739489
482	48200	0.036899135	0.23817459	0.03323245	0.26632085
483	48300	0.030674446	0.24955831	0.042815488	0.26648313
484	48400	0.049519047	0.2322886	0.044380024	0.26857275
485	48500	0.027535653	0.22701833	0.03424682	0.26133066
486	48600	0.032813285	0.2518873	0.035476375	0.2603819
487	48700	0.029710317	0.22665462	0.047122516	0.25969782
488	48800	0.031814475	0.23309049	0.037291985	0.2665877
489	48900	0.031982984	0.23776278	0.052596647	0.26384532
490	49000	0.036914177	0.2484692	0.034885246	0.26196355
491	49100	0.03670671	0.2449334	0.034279212	0.26091912
492	49200	0.041449275	0.24635477	0.048344236	0.27131835
493	49300	0.038946472	0.2352533	0.044427317	0.27002245
494	49400	0.05290947	0.23285082	0.05085799	0.26451686
495	49500	0.029247424	0.24453864	0.034955822	0.2599047
496	49600	0.035395723	0.21783794	0.034404922	0.2609349
497	49700	0.02798376	0.24683769	0.032243118	0.26141763
498	49800	0.039160922	0.22302713	0.03736826	0.2623744
499	49900	0.03662199	0.22177954	0.04031106	0.26367372
500	50000	0.042382356	0.26156864	0.040265977	0.26388437
501	50100	0.031005556	0.2679624	0.03635897	0.26008663
502	50200	0.037063625	0.20352389	0.03570886	0.26059115
503	50300	0.027534708	0.25301954	0.033060215	0.26084045
504	50400	0.033152834	0.21223876	0.033281982	0.2607937
505	50500	0.032067038	0.23379855	0.04213565	0.26382515
506	50600	0.03625427	0.22705892	0.042780448	0.26499158
507	50700	0.03487627	0.2264032	0.033099387	0.2624255
508	50800	0.034171887	0.24008577	0.03726354	0.26181692
509	50900	0.030732596	0.25108716	0.034404624	0.26506692
510	51000	0.03462703	0.24799615	0.044927467	0.26133206
511	51100	0.027685206	0.21599153	0.032082554	0.26088318
512	51200	0.03191366	0.24351822	0.03808327	0.2739758
513	51300	0.025951853	0.22154847	0.032222424	0.2647039
514	51400	0.033803254	0.22772527	0.039950635	0.26028714
515	51500	0.02685275	0.23519796	0.042139944	0.26205832
516	51600	0.041939463	0.23005931	0.064475715	0.26235646
517	51700	0.033365797	0.23327266	0.035888184	0.25974455
518	51800	0.04165746	0.25256866	0.053319167	0.26662272
519	51900	0.03687699	0.21095377	0.036158442	0.26041237
520	52000	0.041137334	0.22160837	0.03464081	0.26559228
521	52100	0.030997412	0.25868523	0.03761712	0.27140966
522	52200	0.035487816	0.23147175	0.03524656	0.26092175
523	52300	0.032863572	0.2581148	0.03591155	0.25954163
524	52400	0.027669158	0.24305211	0.037323974	0.26420945
525	52500	0.029147115	0.23023233	0.03618034	0.26238573
526	52600	0.03449029	0.24406846	0.03493321	0.2644589
527	52700	0.034558713	0.23551834	0.03945617	0.26460418
528	52800	0.03956619	0.25515106	0.032375146	0.26289576
529	52900	0.027687218	0.25272787	0.035675224	0.25908658
530	53000	0.02811897	0.22456561	0.033108238	0.2611765
531	53100	0.04208381	0.2386266	0.054320514	0.26304284
532	53200	0.04362792	0.24315143	0.04078494	0.27221137
533	53300	0.03075655	0.24724925	0.03687242	0.2597104
534	53400	0.030930467	0.2618294	0.039467998	0.26526293
535	53500	0.03337102	0.24542724	0.036244474	0.2658643
536	53600	0.03091167	0.23813102	0.040605154	0.2614726
537	53700	0.031227339	0.22871186	0.03169542	0.26175994
538	53800	0.029362313	0.22467224	0.03503428	0.26199454
539	53900	0.030357866	0.222302	0.040189743	0.26336524
540	54000	0.03764558	0.23797208	0.05596097	0.2637916
541	54100	0.024622438	0.20119065	0.031607762	0.2595019
542	54200	0.029714651	0.23861606	0.034708466	0.26253736
543	54300	0.027177878	0.2326212	0.031412914	0.26365632
544	54400	0.035322294	0.23088415	0.050972026	0.26342982
545	54500	0.032446258	0.24271806	0.0548748	0.25908917
546	54600	0.029844683	0.24752699	0.041956626	0.26268387
547	54700	0.03303615	0.25418422	0.03455133	0.2628559
548	54800	0.032347683	0.2074203	0.052251868	0.26394418
549	54900	0.026603965	0.20186967	0.05093076	0.26140928
550	55000	0.034550834	0.24857354	0.04200766	0.25960052
551	55100	0.02947676	0.2312936	0.033257753	0.25871602
552	55200	0.03775086	0.23279715	0.032852314	0.2643934
553	55300	0.027959373	0.2337767	0.038978975	0.26174194
554	55400	0.033472486	0.24252418	0.038192987	0.26421806
555	55500	0.037661124	0.2382709	0.039831232	0.2608635
556	55600	0.03305498	0.22823213	0.035890196	0.26228058
557	55700	0.032217145	0.21968265	0.05037041	0.264351
558	55800	0.030267572	0.22707699	0.03587693	0.2595875
559	55900	0.033210002	0.23488	0.03969512	0.26208663
560	56000	0.031409267	0.24899997	0.036573015	0.26093185
561	56100	0.02846458	0.21834882	0.034288038	0.26198864
562	56200	0.046982903	0.25291127	0.054732986	0.27294692
563	56300	0.02774662	0.24672471	0.034482595	0.26123986
564	56400	0.028820515	0.23349595	0.033846267	0.2629443
565	56500	0.029862123	0.27252957	0.03741089	0.26134822
566	56600	0.036090124	0.22863844	0.03205205	0.26054558
567	56700	0.03260202	0.23342255	0.037523728	0.26088086
568	56800	0.039543	0.25260404	0.04301968	0.26003635
569	56900	0.040300593	0.24921091	0.074443735	0.26412907
570	57000	0.028225282	0.23981091	0.03507941	0.25880408
571	57100	0.03762107	0.24855824	0.052474327	0.2608997
572	57200	0.03637246	0.24045572	0.03498715	0.26570126
573	57300	0.028656272	0.22171366	0.03622032	0.259097
574	57400	0.030569807	0.22168899	0.037309203	0.2613606
575	57500	0.032619696	0.25466675	0.043928232	0.26190498
576	57600	0.033660427	0.211747	0.034606975	0.26052827
577	57700	0.028918885	0.23402241	0.036218293	0.26239654
578	57800	0.036711536	0.2497894	0.03362423	0.26090604
579	57900	0.031251874	0.23995858	0.032994695	0.2631216
580	58000	0.027778864	0.21537994	0.032426126	0.2597117
581	58100	0.0273085	0.22328207	0.03530006	0.26067722
582	58200	0.03953277	0.23901081	0.043313064	0.26316407
583	58300	0.02689584	0.21758382	0.034423612	0.25983658
584	58400	0.0315218	0.24969797	0.033874974	0.26213497
585	58500	0.029366523	0.2378644	0.041841112	0.2610656
586	58600	0.027775606	0.21583033	0.033275284	0.259656
587	58700	0.027074454	0.21193449	0.04204275	0.26134452
588	58800	0.036741696	0.25165233	0.033086717	0.26249373
589	58900	0.031286098	0.23526296	0.036635693	0.26826602
590	59000	0.037821807	0.22758698	0.04965202	0.26094744
591	59100	0.032699056	0.22866559	0.033236526	0.26040757
592	59200	0.035988938	0.21751814	0.032202993	0.2631995
593	59300	0.02989886	0.23410279	0.035518687	0.2599582
594	59400	0.033300363	0.1987493	0.038113054	0.26357087
595	59500	0.028455824	0.23745638	0.038706455	0.2661068
596	59600	0.03769284	0.2418525	0.038920358	0.26433197
597	59700	0.023869699	0.20077753	0.033418797	0.25990513
598	59800	0.033711195	0.22776274	0.04677196	0.25932935
599	59900	0.027637996	0.22256854	0.032024484	0.25989294
600	60000	0.029915733	0.2217303	0.044291317	0.26803613
601	60100	0.030113185	0.2300121	0.03188054	0.25974247
602	60200	0.031913474	0.23803751	0.034516163	0.25960532
603	60300	0.026440274	0.21237896	0.03480431	0.25993392
604	60400	0.028945295	0.2230909	0.03486943	0.2635463
605	60500	0.038476016	0.23508863	0.032821134	0.26159817
606	60600	0.027900923	0.23556668	0.0396037	0.25932047
607	60700	0.030211816	0.24512745	0.04732815	0.26017725
608	60800	0.040639628	0.25038508	0.050089147	0.26129577
609	60900	0.039881017	0.24102686	0.04350423	0.26248476
610	61000	0.036400303	0.22525127	0.055185754	0.26084247
611	61100	0.028097311	0.21162084	0.03718877	0.26074737
612	61200	0.036323745	0.25149736	0.036105115	0.26115248
613	61300	0.021009298	0.20457418	0.033788145	0.26235396
614	61400	0.03250079	0.23195611	0.03232162	0.25848553
615	61500	0.025192747	0.22181861	0.035277437	0.25963074
616	61600	0.030989483	0.24618468	0.03470858	0.26090935
617	61700	0.024445364	0.22680867	0.034117885	0.25839424
618	61800	0.028278416	0.22003262	0.032419764	0.2600202
619	61900	0.028279422	0.20705502	0.031374052	0.26556477
620	62000	0.03579984	0.20990236	0.03787715	0.26079232
621	62100	0.031327542	0.24134749	0.035904367	0.2620698
622	62200	0.03332523	0.22180098	0.03259088	0.26296058
623	62300	0.029516354	0.23195098	0.031211382	0.26256746
624	62400	0.031118326	0.22129029	0.032616377	0.26211587
625	62500	0.03319253	0.22986288	0.038789295	0.26030868
626	62600	0.036940284	0.2360216	0.034076847	0.26042917
627	62700	0.02643332	0.22138478	0.034403328	0.26243442
628	62800	0.032474134	0.23632114	0.041633386	0.2595558
629	62900	0.02804215	0.21913607	0.033872474	0.25980607
630	63000	0.028875152	0.22885787	0.03099028	0.25942641
631	63100	0.0333869	0.24234661	0.036953177	0.26731238
632	63200	0.034419864	0.2285264	0.03157519	0.26010656
633	63300	0.025189545	0.21064973	0.037118956	0.26150677
634	63400	0.030994384	0.25723377	0.03597839	0.26141083
635	63500	0.024574405	0.22208779	0.034117106	0.260529
636	63600	0.02984119	0.22321108	0.03232399	0.26195544
637	63700	0.029149646	0.23024128	0.035500284	0.26116377
638	63800	0.035187453	0.20914584	0.03305649	0.26236466
639	63900	0.024915954	0.21732022	0.03152572	0.26031488
640	64000	0.032420553	0.2267464	0.031723876	0.2593883
641	64100	0.024845378	0.21833488	0.03125503	0.26006386
642	64200	0.031139914	0.24148455	0.03388814	0.2689917
643	64300	0.032026686	0.22876418	0.034807123	0.2627178
644	64400	0.038599998	0.22187196	0.058292646	0.2616217
645	64500	0.03234897	0.24330474	0.03230852	0.2634232
646	64600	0.031725585	0.23812325	0.03419007	0.26154986
647	64700	0.02937728	0.19818352	0.036971778	0.25927958
648	64800	0.02972283	0.21898319	0.033925213	0.2624232
649	64900	0.028647857	0.2159611	0.04835375	0.25954714
650	65000	0.022981668	0.23804471	0.03368789	0.26133972
651	65100	0.026686251	0.23788676	0.032938074	0.25999337
652	65200	0.03124124	0.23178796	0.041969217	0.26158273
653	65300	0.03027399	0.2449803	0.034041945	0.26100224
654	65400	0.02881851	0.22660545	0.03534047	0.26282722
655	65500	0.029971605	0.23549457	0.03420615	0.2644513
656	65600	0.031223167	0.23851912	0.034704544	0.26142457
657	65700	0.03531011	0.24217604	0.03947273	0.26251772
658	65800	0.03549137	0.21284662	0.036848407	0.2605782
659	65900	0.0290278	0.21457149	0.037866242	0.26380366
660	66000	0.032545198	0.22627652	0.03369733	0.2621334
661	66100	0.02746486	0.21951298	0.030486874	0.26313552
662	66200	0.03272545	0.22020417	0.04328147	0.26037848
663	66300	0.028703347	0.2171902	0.031263467	0.26013678
664	66400	0.03908273	0.23686136	0.03740601	0.26639155
665	66500	0.026564993	0.22372076	0.033315197	0.26412717
666	66600	0.029454416	0.23009522	0.03245687	0.2630397
667	66700	0.028653938	0.19715868	0.03187429	0.25892165
668	66800	0.030922549	0.21494848	0.04366835	0.26057336
669	66900	0.02558369	0.21787134	0.032557223	0.2606612
670	67000	0.033336107	0.22416925	0.03040401	0.26006788
671	67100	0.026506718	0.2437866	0.03811648	0.26282352
672	67200	0.036838766	0.22883421	0.034786947	0.26398557
673	67300	0.026754461	0.221016	0.03263137	0.2608568
674	67400	0.034100022	0.22726655	0.040812023	0.26279682
675	67500	0.029171184	0.20305115	0.03344065	0.2664888
676	67600	0.03554814	0.21584877	0.033533674	0.26289067
677	67700	0.027022218	0.21964982	0.033338744	0.2614601
678	67800	0.035270434	0.23782003	0.032929555	0.2638863
679	67900	0.027875971	0.20966557	0.03656908	0.26638448
680	68000	0.027196849	0.23470056	0.03215069	0.25860685
681	68100	0.034355547	0.23730098	0.042040613	0.2630038
682	68200	0.031883366	0.21571545	0.033256337	0.26013416
683	68300	0.02654407	0.23993017	0.035680175	0.2622109
684	68400	0.032509502	0.23866901	0.04529157	0.26062566
685	68500	0.026531287	0.21512206	0.030806324	0.26737392
686	68600	0.030331908	0.22135513	0.03357749	0.2607787
687	68700	0.025861915	0.22666056	0.035915863	0.26081562
688	68800	0.02727165	0.23443237	0.031048093	0.26032946
689	68900	0.029975297	0.25072992	0.036904376	0.26347902
690	69000	0.034505524	0.2192325	0.04810903	0.2613965
691	69100	0.029095469	0.22220705	0.032587934	0.26227108
692	69200	0.028850187	0.19886838	0.033125926	0.26412308
693	69300	0.02727585	0.2200994	0.032547567	0.26473412
694	69400	0.029266777	0.23313662	0.032231133	0.2599102
695	69500	0.028453263	0.21747756	0.033789705	0.26146638
696	69600	0.041403685	0.22827405	0.03153362	0.2599094
697	69700	0.024227131	0.23272134	0.035795353	0.26105806
698	69800	0.03895234	0.2431138	0.04372309	0.2626745
699	69900	0.026981922	0.24922223	0.033219337	0.2593214
700	70000	0.02997956	0.2100142	0.033591747	0.26029822
701	70100	0.02738724	0.23357315	0.042117756	0.263594
702	70200	0.030443104	0.2184688	0.037388332	0.25996217
703	70300	0.027673872	0.2413615	0.029271496	0.2612028
704	70400	0.033923045	0.21801214	0.031995043	0.25902286
705	70500	0.025313322	0.22624432	0.033227067	0.26012114
706	70600	0.03979793	0.2475834	0.040257026	0.26243433
707	70700	0.029520286	0.23095861	0.03234012	0.2600521
708	70800	0.02973394	0.22684297	0.04310922	0.2616672
709	70900	0.031244716	0.21412867	0.03744612	0.2622413
710	71000	0.023302304	0.20330934	0.034077924	0.2651937
711	71100	0.027425818	0.21411145	0.03117526	0.26146504
712	71200	0.035122227	0.23947896	0.031923205	0.2603172
713	71300	0.024510458	0.22098973	0.04175803	0.26037768
714	71400	0.032450896	0.22670518	0.03474826	0.2625841
715	71500	0.025410414	0.19568492	0.032005973	0.2607089
716	71600	0.029442627	0.22218367	0.038042083	0.2613983
717	71700	0.028588388	0.22015771	0.036966182	0.2624033
718	71800	0.031508796	0.21512799	0.031679537	0.26140198
719	71900	0.02471839	0.2092986	0.031627256	0.26146212
720	72000	0.026627427	0.20709129	0.03237352	0.26033628
721	72100	0.029977433	0.2368329	0.03246427	0.26028097
722	72200	0.03202207	0.22456652	0.03215191	0.26137796
723	72300	0.024261331	0.23239444	0.03203914	0.26365337
724	72400	0.028664943	0.24569702	0.031436503	0.259808
725	72500	0.029868998	0.22053584	0.031845603	0.25936142
726	72600	0.03217796	0.23021927	0.032862447	0.26820374
727	72700	0.026352474	0.24215162	0.031925842	0.25958523
728	72800	0.03299614	0.18501046	0.03302107	0.26070508
729	72900	0.030485664	0.22968322	0.033074975	0.26125115
730	73000	0.035564914	0.23641731	0.032830115	0.26185334
731	73100	0.026148232	0.23659362	0.032967795	0.2587727
732	73200	0.031211806	0.2229183	0.037996173	0.2613738
733	73300	0.022496406	0.21739814	0.031008594	0.26198626
734	73400	0.025993986	0.22920114	0.03369999	0.26008102
735	73500	0.026660377	0.24091528	0.032167897	0.2602805
736	73600	0.035771348	0.24435322	0.035511695	0.26356956
737	73700	0.026022604	0.22182794	0.031667706	0.2610917
738	73800	0.02504671	0.23154692	0.03826591	0.26289135
739	73900	0.02214245	0.21519029	0.03404356	0.2628526
740	74000	0.03298266	0.22084466	0.03214696	0.26000297
741	74100	0.027869832	0.20724821	0.03212462	0.26163575
742	74200	0.029191993	0.22487745	0.037221126	0.26110837
743	74300	0.028928187	0.22777465	0.030963276	0.25977287
744	74400	0.03185127	0.21990524	0.030655732	0.26307657
745	74500	0.027002845	0.21841028	0.036223967	0.26123047
746	74600	0.036606763	0.24659497	0.033480007	0.26189393
747	74700	0.02853332	0.22501725	0.030918779	0.26219618
748	74800	0.033192508	0.20957191	0.03435169	0.26015368
749	74900	0.033606336	0.2146995	0.037743304	0.2606326
750	75000	0.03259899	0.23511687	0.031045934	0.26405838
751	75100	0.031120216	0.2316511	0.035193488	0.26088244
752	75200	0.037000608	0.2264092	0.03557849	0.25992236
753	75300	0.026048692	0.2221706	0.035694767	0.26091883
754	75400	0.02630012	0.21026191	0.035763144	0.25986186
755	75500	0.02734605	0.2469188	0.039688595	0.2601566
756	75600	0.032577954	0.21508549	0.04366145	0.26260567
757	75700	0.026834989	0.22800435	0.036085825	0.26089606
758	75800	0.027948707	0.2427215	0.03250672	0.26184165
759	75900	0.022642856	0.21359935	0.0336958	0.25976276
760	76000	0.041394025	0.22255974	0.03793076	0.26096824
761	76100	0.025330286	0.24409945	0.032760166	0.25961244
762	76200	0.030213837	0.22557898	0.031163113	0.25898618
763	76300	0.03161095	0.2320264	0.031560216	0.26031002
764	76400	0.028909385	0.23955025	0.03147965	0.26305518
765	76500	0.028534893	0.20695256	0.031186048	0.25897244
766	76600	0.030638952	0.23906033	0.0350883	0.26092744
767	76700	0.029998148	0.2146804	0.032380726	0.26216078
768	76800	0.0319506	0.22478995	0.037783094	0.26426795
769	76900	0.030072251	0.21480767	0.033796217	0.26033133
770	77000	0.029985081	0.22045724	0.042235326	0.26125118
771	77100	0.028061341	0.2303054	0.030104171	0.25994587
772	77200	0.024882326	0.22413248	0.033209298	0.26273257
773	77300	0.022491006	0.21598552	0.03187783	0.26221064
774	77400	0.03337347	0.23258379	0.042439755	0.2594488
775	77500	0.02313119	0.21158007	0.032218833	0.26046944
776	77600	0.028959379	0.20810974	0.031214265	0.26067936
777	77700	0.02540031	0.23305391	0.04602004	0.2597415
778	77800	0.028688246	0.22866015	0.037043195	0.2649833
779	77900	0.034011748	0.24237387	0.031528804	0.26236573
780	78000	0.02653922	0.20759703	0.03208368	0.25919932
781	78100	0.033607572	0.24324036	0.032538533	0.2600687
782	78200	0.02752532	0.20656542	0.03777651	0.25960302
783	78300	0.030334225	0.2143194	0.03070282	0.26081148
784	78400	0.025038943	0.20973806	0.03360721	0.26165766
785	78500	0.025467876	0.20602201	0.030685348	0.25998983
786	78600	0.027531138	0.22540244	0.03416469	0.2597227
787	78700	0.021578133	0.2081596	0.03258735	0.26060972
788	78800	0.03292733	0.22826955	0.041292533	0.2618672
789	78900	0.024163837	0.21558632	0.04147273	0.25879437
790	79000	0.031499736	0.23538259	0.03213152	0.2610365
791	79100	0.028614203	0.20730174	0.038949337	0.26175568
792	79200	0.03234317	0.25658622	0.03207732	0.26263967
793	79300	0.021506231	0.2253137	0.031110823	0.2612574
794	79400	0.03139259	0.2096938	0.031183653	0.26104543
795	79500	0.02364568	0.22213282	0.030469038	0.26135334
796	79600	0.036036935	0.25184315	0.040184133	0.26148012
797	79700	0.027917266	0.20952024	0.039493326	0.26015308
798	79800	0.029872082	0.24106465	0.03887734	0.26357475
799	79900	0.025733316	0.22416748	0.030900469	0.26252437
800	80000	0.030527687	0.23166092	0.03134432	0.2608664
801	80100	0.028643599	0.21324824	0.04322931	0.260897
802	80200	0.028055647	0.21212453	0.0344331	0.2610335
803	80300	0.026516965	0.23365638	0.03480709	0.26242474
804	80400	0.03143318	0.24254966	0.035167493	0.2603174
805	80500	0.02929	0.20711923	0.033435762	0.2597866
806	80600	0.028694045	0.22069412	0.036489334	0.2602381
807	80700	0.024108348	0.20133622	0.031996544	0.2604131
808	80800	0.02806123	0.23542769	0.032244723	0.26025224
809	80900	0.024317265	0.21336856	0.038403988	0.2597944
810	81000	0.03365514	0.22055164	0.03667717	0.25962445
811	81100	0.028491938	0.22158784	0.031394973	0.2594971
812	81200	0.025266938	0.23628458	0.038782503	0.26056835
813	81300	0.028256068	0.23354825	0.037112184	0.26153123
814	81400	0.026167002	0.22256579	0.031321228	0.25952807
815	81500	0.03027943	0.22958796	0.03450452	0.26107574
816	81600	0.03740662	0.21603835	0.032523822	0.2630107
817	81700	0.025768954	0.21502362	0.03548081	0.2603333
818	81800	0.02956936	0.22487251	0.03139226	0.26026976
819	81900	0.022269482	0.22017324	0.030598663	0.26067537
820	82000	0.031430595	0.23151284	0.03917059	0.26276603
821	82100	0.025481224	0.22038224	0.0313671	0.2604292
822	82200	0.03112985	0.2380287	0.030784424	0.25920683
823	82300	0.024653092	0.2097779	0.032542426	0.26029727
824	82400	0.03273324	0.23306629	0.03346208	0.26212215
825	82500	0.027246976	0.24129355	0.03114055	0.25848022
826	82600	0.030392855	0.2119136	0.035025023	0.26018134
827	82700	0.023314856	0.21084352	0.031208072	0.261103
828	82800	0.030063804	0.20579499	0.043072652	0.26046884
829	82900	0.031285875	0.23129645	0.03732308	0.26020947
830	83000	0.032478087	0.2263494	0.035565414	0.26163998
831	83100	0.03119062	0.21355227	0.04623468	0.26456115
832	83200	0.032281265	0.23690347	0.031282764	0.2598037
833	83300	0.028321391	0.21742919	0.031512257	0.26301944
834	83400	0.038202688	0.2303142	0.033465374	0.2597413
835	83500	0.026232697	0.21524993	0.038564768	0.26116893
836	83600	0.032530446	0.2136234	0.033397675	0.26083255
837	83700	0.02583991	0.23679042	0.034492295	0.26019427
838	83800	0.035266943	0.21564068	0.038158685	0.2602402
839	83900	0.029477648	0.23867461	0.031014368	0.2599904
840	84000	0.029459866	0.21261913	0.0387782	0.26116765
841	84100	0.022720315	0.22744872	0.031586196	0.2587327
842	84200	0.021649987	0.19712031	0.03412956	0.26504484
843	84300	0.021881439	0.22877087	0.0318018	0.2598863
844	84400	0.03168721	0.20978461	0.03709264	0.26184636
845	84500	0.024719601	0.24728155	0.03079712	0.26049733
846	84600	0.034679387	0.23963472	0.0375601	0.26082617
847	84700	0.029219616	0.22060087	0.032710858	0.26105097
848	84800	0.029686008	0.20096102	0.0341853	0.2601225
849	84900	0.026510948	0.22279781	0.042863406	0.26118168
850	85000	0.024108475	0.2406644	0.031379912	0.26217183
851	85100	0.026495174	0.22016184	0.03512522	0.26004082
852	85200	0.032524027	0.21711461	0.030817304	0.2593976
853	85300	0.024452291	0.21850638	0.03148746	0.26109892
854	85400	0.027360592	0.21769162	0.03146019	0.2603599
855	85500	0.023852633	0.20562828	0.030455967	0.2602387
856	85600	0.02756501	0.20968856	0.037248414	0.26073724
857	85700	0.022595635	0.21415167	0.034620628	0.2608743
858	85800	0.033897556	0.20374577	0.031534266	0.2589167
859	85900	0.028877169	0.21617924	0.032292195	0.25911
860	86000	0.0313891	0.2335048	0.030983597	0.260157
861	86100	0.022165388	0.23233512	0.035246503	0.26024276
862	86200	0.0295469	0.21082866	0.030609442	0.26113507
863	86300	0.02536783	0.22290158	0.031029535	0.261691
864	86400	0.02928711	0.22822255	0.030082783	0.262868
865	86500	0.028405434	0.21156117	0.032268293	0.25930902
866	86600	0.03889664	0.24075712	0.040994033	0.26128232
867	86700	0.026185121	0.20388609	0.030678647	0.26245016
868	86800	0.028486682	0.2310322	0.032703504	0.25969094
869	86900	0.027514894	0.23579712	0.03520647	0.2624665
870	87000	0.027270542	0.20019256	0.03421039	0.2618684
871	87100	0.024408255	0.23636952	0.03198977	0.2600288
872	87200	0.024310445	0.2020221	0.034448948	0.26070088
873	87300	0.024198927	0.20000407	0.033049095	0.26100814
874	87400	0.03299029	0.21431056	0.03211419	0.26290682
875	87500	0.029835697	0.22306834	0.03179591	0.26060408
876	87600	0.027405433	0.23483329	0.03434039	0.26011798
877	87700	0.026295388	0.21030135	0.03265581	0.2607883
878	87800	0.035747822	0.23033927	0.03766548	0.26173145
879	87900	0.025922434	0.22342578	0.03283299	0.25938496
880	88000	0.030490333	0.22000912	0.03209998	0.26307553
881	88100	0.030421557	0.22339287	0.03684776	0.26094878
882	88200	0.028281515	0.22439064	0.030789811	0.26121697
883	88300	0.03512161	0.21388927	0.030566484	0.26125997
884	88400	0.035582863	0.22548614	0.040784102	0.26145017
885	88500	0.02827033	0.24000691	0.039841246	0.2601214
886	88600	0.028681418	0.2190852	0.030569581	0.26217383
887	88700	0.022241058	0.21929377	0.03168316	0.25940275
888	88800	0.025632195	0.21629906	0.031776216	0.2606983
889	88900	0.033936474	0.23344907	0.035947353	0.26551533
890	89000	0.025935233	0.20218226	0.030646464	0.26046914
891	89100	0.026534608	0.22767271	0.04395785	0.26336324
892	89200	0.03525847	0.21849431	0.0333709	0.26167163
893	89300	0.024013078	0.22247896	0.037255306	0.26071328
894	89400	0.027372824	0.21595651	0.03370204	0.25997105
895	89500	0.025273968	0.22568005	0.032983877	0.25950277
896	89600	0.032950737	0.21912944	0.03101783	0.26083568
897	89700	0.023645228	0.21941204	0.03404077	0.26259097
898	89800	0.035166502	0.21758986	0.03286063	0.26052183
899	89900	0.024925724	0.2003531	0.02957851	0.2616532
900	90000	0.025329802	0.20007658	0.038638014	0.26030758
901	90100	0.025111316	0.23784885	0.032424364	0.26104438
902	90200	0.02864042	0.20664214	0.032084744	0.26023296
903	90300	0.026559632	0.21301843	0.030637618	0.26270956
904	90400	0.028010856	0.22785197	0.034906387	0.2623555
905	90500	0.02222048	0.23436989	0.032218616	0.25999144
906	90600	0.032624524	0.22977659	0.033269122	0.2608268
907	90700	0.0246021	0.21583106	0.035292983	0.25928804
908	90800	0.026817136	0.21479602	0.03319975	0.26047167
909	90900	0.02731165	0.21320182	0.031573642	0.2612717
910	91000	0.029064277	0.19763829	0.0330286	0.2607363
911	91100	0.024635756	0.21473023	0.032426693	0.2601423
912	91200	0.029780792	0.215882	0.031739593	0.2610461
913	91300	0.025314849	0.21202214	0.032545123	0.26014522
914	91400	0.026592677	0.23080078	0.03517282	0.26114315
915	91500	0.029750925	0.2010654	0.037330363	0.2603306
916	91600	0.029957715	0.21705921	0.033775423	0.2614047
917	91700	0.023762729	0.20366722	0.03231601	0.26076746
918	91800	0.029786158	0.25076222	0.032319486	0.26206696
919	91900	0.024453737	0.20154534	0.0372223	0.26097488
920	92000	0.026644666	0.20650057	0.035626154	0.25988603
921	92100	0.025601901	0.23836763	0.036551762	0.26173732
922	92200	0.028917877	0.21076055	0.031089677	0.26041588
923	92300	0.019088712	0.21454953	0.030184798	0.26180127
924	92400	0.030954095	0.20426323	0.03394273	0.26150748
925	92500	0.024485156	0.20581073	0.04320774	0.26142263
926	92600	0.03359306	0.22640477	0.033087686	0.25998712
927	92700	0.02703115	0.21159518	0.03610726	0.25957203
928	92800	0.024885539	0.22925788	0.03764677	0.26030523
929	92900	0.02112044	0.20982829	0.030787421	0.26128212
930	93000	0.031636212	0.20385568	0.03325493	0.26013765
931	93100	0.022371717	0.21565704	0.03347062	0.26028016
932	93200	0.028236572	0.22051308	0.030361312	0.2608608
933	93300	0.023340473	0.21538982	0.032061744	0.259892
934	93400	0.027577445	0.24666636	0.03037726	0.26186246
935	93500	0.026304994	0.22187774	0.03058461	0.25970763
936	93600	0.026147006	0.22678946	0.03212088	0.26188123
937	93700	0.028975531	0.22824232	0.036377758	0.26056364
938	93800	0.022363273	0.20193969	0.030316431	0.2631308
939	93900	0.028940536	0.2171693	0.030615682	0.26076344
940	94000	0.03893251	0.22388563	0.040373467	0.2627564
941	94100	0.019878466	0.20895153	0.032193862	0.26044452
942	94200	0.030514216	0.23539746	0.032313846	0.26360705
943	94300	0.022989733	0.19937901	0.033629775	0.26071805
944	94400	0.02439448	0.21134363	0.03533099	0.2602547
945	94500	0.022652438	0.20089658	0.03964621	0.26436055
946	94600	0.028541818	0.23357753	0.034537528	0.26181433
947	94700	0.024253264	0.23059118	0.03309625	0.2605418
948	94800	0.0236126	0.18894295	0.0321828	0.26433584
949	94900	0.025408477	0.22654486	0.031021113	0.2609624
950	95000	0.024934925	0.21891533	0.032739468	0.26123855
951	95100	0.021958914	0.2278788	0.030463139	0.25993735
952	95200	0.028094215	0.2144221	0.032159712	0.2612373
953	95300	0.02309452	0.24083944	0.03135527	0.2597244
954	95400	0.028172918	0.24022037	0.03294856	0.2611376
955	95500	0.024276666	0.21654503	0.030649424	0.26228285
956	95600	0.03311181	0.23409949	0.030250898	0.2606634
957	95700	0.025048994	0.2010811	0.032175913	0.26214746
958	95800	0.025424004	0.20250013	0.0325526	0.25980487
959	95900	0.026162187	0.22789991	0.03354556	0.26037785
960	96000	0.029401716	0.22749239	0.03761959	0.2619856
961	96100	0.026291788	0.23530862	0.031607103	0.26224583
962	96200	0.027245145	0.24239245	0.03227591	0.2613972
963	96300	0.024228321	0.2241005	0.036262803	0.26114315
964	96400	0.02637417	0.22491305	0.03211858	0.26027173
965	96500	0.024365349	0.22725469	0.037044343	0.26073235
966	96600	0.026637793	0.2146366	0.033801496	0.26015043
967	96700	0.021593027	0.21516505	0.03055509	0.26042035
968	96800	0.031279873	0.23166059	0.032645334	0.26055995
969	96900	0.023913514	0.21366501	0.031350937	0.26277226
970	97000	0.041831043	0.2398118	0.045125294	0.2616326
971	97100	0.023763474	0.21308361	0.04014489	0.25993377
972	97200	0.023839545	0.20925745	0.031718303	0.26029405
973	97300	0.026043778	0.20326027	0.034930073	0.25971848
974	97400	0.028937915	0.2241917	0.033472843	0.26125684
975	97500	0.026216492	0.20560127	0.029615538	0.26036692
976	97600	0.032985304	0.22485794	0.030429086	0.26114228
977	97700	0.027913718	0.21884859	0.029577896	0.26085863
978	97800	0.029042102	0.24012417	0.031543434	0.26114368
979	97900	0.022626495	0.21999463	0.030455308	0.26240483
980	98000	0.03359906	0.23972604	0.036019135	0.26098987
981	98100	0.024976952	0.21910071	0.0335766	0.2598306
982	98200	0.03103613	0.23892677	0.036626782	0.26055297
983	98300	0.020308338	0.2151449	0.031736415	0.25973913
984	98400	0.028378533	0.2379899	0.03146411	0.26210293
985	98500	0.025667107	0.21716242	0.030936226	0.26045713
986	98600	0.030368997	0.219466	0.031577315	0.26186675
987	98700	0.025293192	0.20767143	0.033880267	0.26083145
988	98800	0.03534061	0.2344214	0.032350224	0.26064485
989	98900	0.024203582	0.21852022	0.032548223	0.2600704
990	99000	0.029646147	0.23076081	0.033197775	0.26045096
991	99100	0.027629185	0.21990357	0.030294692	0.2610106
992	99200	0.02908003	0.2260158	0.032870665	0.26110077
993	99300	0.026331298	0.22172675	0.03068373	0.26147977
994	99400	0.034641683	0.24848375	0.03406025	0.26052657
995	99500	0.023127627	0.22218718	0.032502506	0.26055372
996	99600	0.023346586	0.19335458	0.031939607	0.26052144
997	99700	0.030147783	0.21857832	0.03583368	0.25975862
998	99800	0.02682257	0.21700218	0.036661964	0.2625391
999	99900	0.020360481	0.2028401	0.03177346	0.2595494
1000	100000	0.023957664	0.20139238	0.031077351	0.2611861
