#epoch	step	MAE/at	MAEF	Val_MAE/at	Val_MAEF
1	100	0.13616686	0.8019223	0.17181344	0.89718664
2	200	0.09847527	0.81214345	0.11685516	0.8127282
3	300	0.11449271	0.71252745	0.13499562	0.7485079
4	400	0.10574803	0.6077211	0.120262556	0.67832065
5	500	0.09502944	0.58955073	0.08960714	0.63860345
6	600	0.06946068	0.5365251	0.08022074	0.6223258
7	700	0.1225166	0.5273799	0.08329376	0.5915789
8	800	0.10017904	0.50300384	0.08974518	0.5789885
9	900	0.07295477	0.4671127	0.06574768	0.56228596
10	1000	0.062047794	0.51097876	0.07862773	0.54409826
11	1100	0.082043014	0.4961458	0.14897685	0.52852654
12	1200	0.085422456	0.45949224	0.111787714	0.5171369
13	1300	0.07016443	0.5132067	0.056937665	0.50746936
14	1400	0.07064296	0.44780904	0.06746094	0.48808718
15	1500	0.06905515	0.44675747	0.058383282	0.4819798
16	1600	0.078789316	0.4328913	0.08380117	0.48716462
17	1700	0.06483738	0.4319942	0.07117452	0.47849134
18	1800	0.07204621	0.41873643	0.07668335	0.4656746
19	1900	0.072056025	0.39280424	0.057816464	0.4637519
20	2000	0.07527619	0.42026642	0.0945815	0.45708343
21	2100	0.062316116	0.39576107	0.063177384	0.46544486
22	2200	0.057936866	0.39273426	0.0604186	0.45080063
23	2300	0.064491615	0.35845888	0.061132204	0.44656584
24	2400	0.06201076	0.3337357	0.058952432	0.43570504
25	2500	0.07637949	0.39227536	0.07780467	0.43803424
26	2600	0.056480482	0.32311743	0.058912355	0.438785
27	2700	0.074452266	0.35705894	0.06883616	0.4259866
28	2800	0.056311276	0.36150816	0.082254425	0.4300563
29	2900	0.062905595	0.37077782	0.067991436	0.434796
30	3000	0.06365515	0.36904573	0.055433553	0.43663526
31	3100	0.054210734	0.39308205	0.08611674	0.42599177
32	3200	0.06383098	0.38904732	0.050474446	0.42895532
33	3300	0.055176318	0.29558173	0.07304067	0.429616
34	3400	0.0691526	0.34966293	0.07168477	0.42277342
35	3500	0.05446796	0.35330933	0.05821706	0.42004323
36	3600	0.057072945	0.37701735	0.07805938	0.42138833
37	3700	0.04651294	0.2993117	0.075533755	0.42069802
38	3800	0.07069512	0.35828385	0.055669654	0.40724245
39	3900	0.048941147	0.32198772	0.0707902	0.41454834
40	4000	0.061595757	0.31570423	0.06619935	0.42665312
41	4100	0.0595835	0.37155744	0.061008506	0.42184567
42	4200	0.065480344	0.30827916	0.077851154	0.41714534
43	4300	0.05814008	0.33053085	0.054124855	0.40517285
44	4400	0.051746186	0.32702047	0.05540934	0.4185518
45	4500	0.07562406	0.28559333	0.08654388	0.41850686
46	4600	0.048642773	0.29968363	0.053624976	0.40301132
47	4700	0.06051428	0.34291384	0.07512807	0.40578523
48	4800	0.054604	0.3237898	0.066405535	0.3961388
49	4900	0.046976343	0.27632254	0.072880246	0.39897692
50	5000	0.050307956	0.32544535	0.05252014	0.40257522
51	5100	0.0462067	0.31099135	0.083856806	0.40340385
52	5200	0.066169776	0.30444217	0.05648854	0.4040167
53	5300	0.044332158	0.28672814	0.071692295	0.4112848
54	5400	0.0533632	0.32834944	0.0495697	0.39796567
55	5500	0.048603505	0.31559047	0.050389808	0.39664838
56	5600	0.093306005	0.30216378	0.09468679	0.41351685
57	5700	0.05717847	0.31686524	0.057377927	0.3963801
58	5800	0.051665775	0.3027843	0.04846984	0.39257056
59	5900	0.061186835	0.32132015	0.10761902	0.38980108
60	6000	0.052281555	0.3027543	0.0801176	0.40305346
61	6100	0.05290369	0.3077293	0.054677427	0.3878825
62	6200	0.043999955	0.32206404	0.068274125	0.39661312
63	6300	0.06397063	0.3253314	0.08189962	0.40211192
64	6400	0.051284067	0.32573062	0.048138123	0.3863386
65	6500	0.04487151	0.2975393	0.0559316	0.42321965
66	6600	0.043885194	0.309077	0.06371399	0.3878484
67	6700	0.0481711	0.3168983	0.04465037	0.3810478
68	6800	0.0432097	0.31161407	0.050881445	0.39487317
69	6900	0.04991695	0.34214148	0.052562766	0.38998866
70	7000	0.044749208	0.31398714	0.043141585	0.39736047
71	7100	0.07230439	0.28296158	0.049897466	0.38189346
72	7200	0.04335751	0.2859231	0.044272665	0.38012603
73	7300	0.044434343	0.30427286	0.045857444	0.37531367
74	7400	0.062821	0.29100788	0.09720712	0.39446828
75	7500	0.043642577	0.29231223	0.06609802	0.3733355
76	7600	0.06571231	0.29258397	0.06982198	0.40936074
77	7700	0.049661957	0.3284353	0.055831913	0.38690424
78	7800	0.052622993	0.29051113	0.05025126	0.38220438
79	7900	0.04824457	0.2892039	0.082060546	0.37370467
80	8000	0.050366197	0.2995553	0.05828054	0.37232116
81	8100	0.059922766	0.30764377	0.06144735	0.3839364
82	8200	0.044402942	0.24399135	0.047591656	0.3663006
83	8300	0.049072046	0.2830547	0.09544291	0.37390837
84	8400	0.05192422	0.2782097	0.0488386	0.38214174
85	8500	0.04355251	0.29947346	0.05370636	0.3846811
86	8600	0.04685413	0.25435317	0.09070567	0.37241068
87	8700	0.04798765	0.27976903	0.04995076	0.379365
88	8800	0.04451776	0.26988915	0.056028645	0.36636016
89	8900	0.05184091	0.26741195	0.05347158	0.40564206
90	9000	0.06537111	0.25799143	0.07687459	0.3864646
91	9100	0.048094515	0.28740516	0.05855927	0.3796469
92	9200	0.033133157	0.23606716	0.05199605	0.3750513
93	9300	0.041236136	0.30312786	0.05731537	0.36992693
94	9400	0.041648593	0.2756266	0.07906525	0.36796284
95	9500	0.051345356	0.29570866	0.055253495	0.37697887
96	9600	0.057154115	0.2697396	0.089653015	0.37507942
97	9700	0.041902613	0.25701675	0.06322336	0.36807558
98	9800	0.049142748	0.2891934	0.061610002	0.36511704
99	9900	0.04338441	0.27045137	0.050377905	0.3654391
100	10000	0.052411363	0.2620466	0.055162963	0.36292663
101	10100	0.045331534	0.32464728	0.048400473	0.3622147
102	10200	0.055566862	0.25797424	0.060606893	0.36115307
103	10300	0.037890177	0.26758665	0.040506285	0.368487
104	10400	0.038248107	0.253487	0.04404256	0.3706078
105	10500	0.033396583	0.26369283	0.046723835	0.37097013
106	10600	0.0461829	0.2919432	0.09810536	0.3624128
107	10700	0.051286716	0.2572529	0.046068624	0.36710197
108	10800	0.0408705	0.24302697	0.04955129	0.361879
109	10900	0.048136607	0.26869705	0.058665875	0.35402438
110	11000	0.04094522	0.26439807	0.06807943	0.3639602
111	11100	0.059145503	0.27783293	0.08460266	0.3742507
112	11200	0.068605565	0.27181503	0.08725982	0.36149442
113	11300	0.032473665	0.2930607	0.046328835	0.35739928
114	11400	0.050332397	0.24906841	0.04643575	0.35642147
115	11500	0.060960248	0.2464518	0.07576893	0.36615884
116	11600	0.04137043	0.25923628	0.053818457	0.35699868
117	11700	0.03994614	0.26495168	0.049188636	0.36264274
118	11800	0.051187392	0.24480924	0.047617797	0.36280212
119	11900	0.057575513	0.2662038	0.043089293	0.38043863
120	12000	0.052017204	0.29576924	0.0566156	0.36793524
121	12100	0.04643671	0.24091639	0.04257711	0.36513054
122	12200	0.033538356	0.2711083	0.04537191	0.3620273
123	12300	0.050926175	0.262921	0.041587524	0.35551786
124	12400	0.048712533	0.2462685	0.057985127	0.35546523
125	12500	0.04311582	0.2672521	0.04887777	0.35462013
126	12600	0.044877052	0.2711629	0.0578362	0.3571823
127	12700	0.043587726	0.2534328	0.04735148	0.365932
128	12800	0.042579666	0.2551459	0.06515615	0.36239713
129	12900	0.039400764	0.25039876	0.040824994	0.36169767
130	13000	0.049993236	0.26065716	0.04740519	0.3494668
131	13100	0.04552909	0.28578767	0.045351256	0.36614385
132	13200	0.038442843	0.2786579	0.053307593	0.35816756
133	13300	0.038233045	0.255605	0.044244185	0.3574939
134	13400	0.036087353	0.2441023	0.04113922	0.3564743
135	13500	0.037732445	0.2389341	0.06698639	0.3512257
136	13600	0.052727	0.27632964	0.08523285	0.3539354
137	13700	0.04244407	0.2486799	0.05083933	0.34838265
138	13800	0.04351926	0.2453211	0.07641063	0.37045434
139	13900	0.036353815	0.23389718	0.05130534	0.35355994
140	14000	0.036230866	0.24569611	0.04280792	0.35334614
141	14100	0.038407985	0.25155383	0.035059813	0.34783423
142	14200	0.045674134	0.2659	0.04211151	0.35552445
143	14300	0.049580052	0.24570253	0.05690236	0.35119903
144	14400	0.044588037	0.22466171	0.044840697	0.3501171
145	14500	0.039241914	0.24592632	0.053600866	0.34800974
146	14600	0.032214817	0.24653406	0.0381664	0.34867746
147	14700	0.04348801	0.26019433	0.058558043	0.36617097
148	14800	0.033030335	0.21287897	0.048170574	0.34791663
149	14900	0.055436105	0.25812253	0.051307477	0.359204
150	15000	0.040026367	0.23993103	0.06937825	0.353389
151	15100	0.038159568	0.2582331	0.040467124	0.36322758
152	15200	0.041388623	0.26279342	0.0422936	0.3506957
153	15300	0.052698225	0.28076804	0.039694518	0.35032722
154	15400	0.05144769	0.24917743	0.06401529	0.349643
155	15500	0.04773451	0.22347677	0.034627076	0.34871313
156	15600	0.038893107	0.2450344	0.03861389	0.34553146
157	15700	0.035463847	0.24122454	0.042370606	0.34592453
158	15800	0.047116227	0.2502073	0.051066183	0.34953034
159	15900	0.04206937	0.25454697	0.0677593	0.34737414
160	16000	0.03412643	0.23897538	0.039971616	0.35144636
161	16100	0.033307076	0.24922718	0.045952454	0.3447822
162	16200	0.03789091	0.23670527	0.039890237	0.3597305
163	16300	0.045915436	0.21442246	0.049650878	0.3605381
164	16400	0.044176195	0.2435537	0.056798298	0.34187117
165	16500	0.039250895	0.2429356	0.045221046	0.34603068
166	16600	0.035338305	0.23499307	0.06367695	0.36326593
167	16700	0.05154882	0.25024986	0.055422667	0.34592915
168	16800	0.03236776	0.24329461	0.04247609	0.3445404
169	16900	0.038053725	0.24086326	0.037947997	0.34347552
170	17000	0.031015057	0.2363167	0.043527015	0.34651536
171	17100	0.0493577	0.26651323	0.06117584	0.35981396
172	17200	0.035145476	0.24760477	0.07750824	0.35472962
173	17300	0.04964003	0.25548938	0.06274536	0.35176742
174	17400	0.04224417	0.24341339	0.040519714	0.34848064
175	17500	0.03997961	0.22243416	0.056336775	0.35450897
176	17600	0.044862434	0.24007002	0.07966878	0.35599458
177	17700	0.05140571	0.24965191	0.043362226	0.34851047
178	17800	0.044171523	0.23352085	0.06583486	0.3458278
179	17900	0.03620654	0.2506988	0.052557472	0.34550872
180	18000	0.035777636	0.2508214	0.04021006	0.33858174
181	18100	0.035635915	0.22294493	0.05690124	0.3360933
182	18200	0.042339504	0.23122579	0.04225779	0.34191936
183	18300	0.06423701	0.22389854	0.12028035	0.34511444
184	18400	0.044256274	0.21362431	0.06740957	0.3415144
185	18500	0.038932838	0.23530735	0.060683087	0.3486061
186	18600	0.031884886	0.25993973	0.048088986	0.34484598
187	18700	0.03725352	0.23849192	0.0850002	0.3510333
188	18800	0.03403317	0.20898679	0.039528504	0.34235018
189	18900	0.028842377	0.23522563	0.057198483	0.33880532
190	19000	0.0526647	0.24813075	0.07248749	0.3459288
191	19100	0.047479384	0.2491418	0.053396303	0.3358772
192	19200	0.033238903	0.24767247	0.05192891	0.35246137
193	19300	0.044718646	0.21948543	0.07928843	0.34861672
194	19400	0.038419023	0.2407986	0.040658362	0.35144797
195	19500	0.03843576	0.26074895	0.04366017	0.3407864
196	19600	0.036308154	0.24145202	0.05442942	0.33800176
197	19700	0.041515447	0.20576258	0.045713704	0.338868
198	19800	0.045926824	0.2238626	0.08600169	0.3447882
199	19900	0.033924635	0.23643808	0.03893229	0.34342587
200	20000	0.028264089	0.21346915	0.044061888	0.3425841
201	20100	0.045545917	0.22843269	0.043657735	0.3609057
202	20200	0.03837222	0.25247	0.062368263	0.33936268
203	20300	0.048548426	0.2269877	0.04299642	0.34404975
204	20400	0.037516598	0.26517576	0.039954327	0.33803463
205	20500	0.032528777	0.24249129	0.0465212	0.3461382
206	20600	0.054633267	0.2941409	0.05009267	0.34151477
207	20700	0.060859993	0.22612071	0.054730527	0.34083182
208	20800	0.034408875	0.22163135	0.052582905	0.34386468
209	20900	0.036426723	0.22201267	0.03866282	0.34230712
210	21000	0.03038114	0.23803045	0.04139099	0.335332
211	21100	0.04121397	0.25429904	0.050177306	0.33284187
212	21200	0.033887744	0.2546128	0.044060364	0.3460828
213	21300	0.03435856	0.23742577	0.03966471	0.33753923
214	21400	0.040725205	0.22903863	0.044753216	0.3364251
215	21500	0.046772093	0.22713172	0.048488263	0.33358154
216	21600	0.035809617	0.23135915	0.046397198	0.3447501
217	21700	0.033991225	0.23342964	0.046416625	0.33751348
218	21800	0.02979024	0.228557	0.044371746	0.338117
219	21900	0.031574626	0.24330375	0.048653558	0.3339615
220	22000	0.052395448	0.20575331	0.0488798	0.33959374
221	22100	0.031399928	0.24641454	0.03812795	0.34609947
222	22200	0.044075023	0.21765164	0.039483946	0.3360942
223	22300	0.03489289	0.24510306	0.040908407	0.34371933
224	22400	0.05059869	0.24960984	0.059944663	0.3385237
225	22500	0.03173139	0.2658728	0.050112203	0.33579227
226	22600	0.031038024	0.24184255	0.041435957	0.33685488
227	22700	0.031875677	0.2055868	0.053713378	0.33744162
228	22800	0.03252197	0.21148539	0.034421287	0.3337254
229	22900	0.032707475	0.21858698	0.03939504	0.33672366
230	23000	0.035109777	0.23616695	0.044472653	0.33713657
231	23100	0.04321879	0.21902399	0.058138225	0.33123332
232	23200	0.03999791	0.21804076	0.047289632	0.33540776
233	23300	0.039880518	0.22595218	0.04721863	0.33899063
234	23400	0.03297499	0.24243182	0.056648355	0.33882377
235	23500	0.05159647	0.26918262	0.043514404	0.33802566
236	23600	0.039223243	0.231755	0.04702087	0.3356885
237	23700	0.031989824	0.23800114	0.045433555	0.33385527
238	23800	0.045502488	0.24829401	0.061163735	0.35180074
239	23900	0.031099671	0.19959363	0.042927045	0.33393195
240	24000	0.025357408	0.21164796	0.042694297	0.33607584
241	24100	0.02867934	0.23161402	0.05082418	0.34696594
242	24200	0.030061413	0.25508702	0.04277771	0.33561185
243	24300	0.03188617	0.23320636	0.061625265	0.33733755
244	24400	0.034467824	0.2345488	0.04268107	0.3413458
245	24500	0.034550376	0.26259756	0.03583994	0.3339687
246	24600	0.028596079	0.2105476	0.06020701	0.32981524
247	24700	0.028968845	0.21316294	0.039611205	0.32885432
248	24800	0.03866944	0.23512842	0.041011658	0.33480293
249	24900	0.04452486	0.22908194	0.045733035	0.33513597
250	25000	0.027040485	0.21589284	0.039336547	0.33234793
251	25100	0.03307281	0.22395203	0.039129432	0.32922268
252	25200	0.040969554	0.21778804	0.06018138	0.33299282
253	25300	0.030844504	0.23862225	0.038010255	0.33805233
254	25400	0.033121996	0.23088954	0.03649811	0.35001233
255	25500	0.031676203	0.24388736	0.03925171	0.3350086
256	25600	0.04224115	0.259763	0.041626077	0.3363015
257	25700	0.033879556	0.2322787	0.054853413	0.333913
258	25800	0.028190436	0.19851781	0.04047841	0.33358824
259	25900	0.03522872	0.22254032	0.05249857	0.33637345
260	26000	0.03860013	0.23559926	0.039582722	0.32845402
261	26100	0.033758283	0.20693795	0.06951396	0.32672364
262	26200	0.041614287	0.23767743	0.036005046	0.33528864
263	26300	0.05210906	0.23216519	0.04016795	0.334289
264	26400	0.047764633	0.21149954	0.035680648	0.33067247
265	26500	0.03347724	0.22540292	0.037359312	0.33469513
266	26600	0.033048034	0.22851497	0.049416907	0.33377945
267	26700	0.030608462	0.23743452	0.04693054	0.32950017
268	26800	0.034112513	0.22208168	0.032644857	0.33040315
269	26900	0.030119373	0.22648369	0.055498045	0.33330548
270	27000	0.040366348	0.22260703	0.037941385	0.33449614
271	27100	0.0414346	0.25195518	0.039822083	0.3375568
272	27200	0.040533397	0.2301311	0.051435035	0.33642718
273	27300	0.04163344	0.23403968	0.05674194	0.33483776
274	27400	0.036635857	0.22677611	0.036733296	0.32839373
275	27500	0.03651203	0.24661446	0.04629425	0.33287448
276	27600	0.025362259	0.21594138	0.038737897	0.3288094
277	27700	0.03408033	0.23337631	0.041102294	0.33139792
278	27800	0.03876862	0.22387756	0.042246602	0.33665857
279	27900	0.03227989	0.24633342	0.03471344	0.33064997
280	28000	0.030996677	0.21360472	0.038044535	0.3309078
281	28100	0.031125635	0.22677845	0.04691742	0.33959275
282	28200	0.036007766	0.21227266	0.03705058	0.3305447
283	28300	0.02713191	0.2231315	0.04279358	0.3279987
284	28400	0.035224184	0.227603	0.0366157	0.32891592
285	28500	0.035894897	0.22648567	0.044816893	0.32890078
286	28600	0.039869238	0.23688382	0.060734563	0.33030137
287	28700	0.032125425	0.20931396	0.048432518	0.32913253
288	28800	0.044821404	0.22183329	0.046735737	0.3304907
289	28900	0.035221316	0.23614396	0.03726654	0.32990324
290	29000	0.04728595	0.21855584	0.047855835	0.329715
291	29100	0.042140666	0.22952574	0.04109436	0.33525303
292	29200	0.038506147	0.21667235	0.056917112	0.33337483
293	29300	0.047676872	0.24832906	0.054566953	0.3300241
294	29400	0.04564969	0.21997043	0.059751686	0.33699408
295	29500	0.030356126	0.2310594	0.043659262	0.32934555
296	29600	0.031817835	0.22622627	0.03479055	0.32924673
297	29700	0.025333524	0.18952945	0.03820323	0.33437955
298	29800	0.033273853	0.22855464	0.036805622	0.33424288
299	29900	0.03277505	0.22625437	0.041542254	0.33008945
300	30000	0.026781175	0.23924038	0.054090373	0.32912084
301	30100	0.03538913	0.20564836	0.055478316	0.33133772
302	30200	0.03485242	0.22079837	0.036569115	0.33297303
303	30300	0.03185853	0.21467832	0.040894262	0.33024675
304	30400	0.038489595	0.20456772	0.038895976	0.32473755
305	30500	0.0372611	0.21925114	0.04007497	0.3314275
306	30600	0.03320269	0.23442703	0.045319214	0.3317257
307	30700	0.033084553	0.22836001	0.04637919	0.32774493
308	30800	0.028660694	0.22543116	0.036086936	0.3423247
309	30900	0.035864264	0.22091588	0.04557119	0.34679687
310	31000	0.034881387	0.21651532	0.048335977	0.3288427
311	31100	0.03289666	0.20994848	0.044831946	0.32922614
312	31200	0.03486733	0.23095804	0.056082048	0.3297821
313	31300	0.031728324	0.20671226	0.044124756	0.33115008
314	31400	0.031884898	0.19861348	0.046739906	0.3214902
315	31500	0.029829662	0.22006206	0.039327595	0.32964602
316	31600	0.029585889	0.22791614	0.044195455	0.3371482
317	31700	0.032070145	0.21644738	0.033609007	0.33062702
318	31800	0.025963457	0.20771642	0.057020977	0.33581346
319	31900	0.04180452	0.20452972	0.04161682	0.33194023
320	32000	0.025333796	0.19124241	0.03945099	0.32882014
321	32100	0.028682604	0.20814872	0.042176	0.32944447
322	32200	0.028898474	0.24391916	0.032418415	0.3303541
323	32300	0.034955267	0.21309239	0.039459128	0.3316623
324	32400	0.028797466	0.21443392	0.037605897	0.325415
325	32500	0.033203725	0.22622843	0.045121968	0.33297014
326	32600	0.03890754	0.19770293	0.06338725	0.33007714
327	32700	0.037789337	0.20914635	0.052500814	0.3385301
328	32800	0.03423916	0.23333533	0.046256714	0.32536364
329	32900	0.036689654	0.21471426	0.047883708	0.32477438
330	33000	0.033230744	0.20900045	0.03881612	0.327851
331	33100	0.033716083	0.22107325	0.04023915	0.32806468
332	33200	0.030953119	0.21453501	0.053369243	0.34271446
333	33300	0.033632133	0.19225386	0.050342206	0.32771254
334	33400	0.030215243	0.21503519	0.044213865	0.32867137
335	33500	0.027610617	0.2263284	0.039374184	0.32898563
336	33600	0.032630894	0.2144806	0.03834971	0.3293423
337	33700	0.044856604	0.23674697	0.05801564	0.33060205
338	33800	0.037979297	0.23322932	0.06787445	0.3216565
339	33900	0.03228768	0.23083477	0.03983307	0.3236215
340	34000	0.046724103	0.22640617	0.061528828	0.32420662
341	34100	0.03332918	0.23919064	0.0355954	0.32297003
342	34200	0.029597942	0.20515902	0.0648825	0.32344177
343	34300	0.03672219	0.21129066	0.03986572	0.3212347
344	34400	0.029377898	0.23764767	0.03923442	0.32626686
345	34500	0.029873231	0.23294525	0.037260335	0.32726005
346	34600	0.035670735	0.22505113	0.041237183	0.32687792
347	34700	0.03087022	0.22171938	0.039111733	0.32472688
348	34800	0.03938045	0.19435121	0.035464983	0.32650453
349	34900	0.031557854	0.21272947	0.05691009	0.32589734
350	35000	0.02801463	0.2524473	0.03674133	0.3391088
351	35100	0.022329528	0.19798248	0.03587382	0.32560098
352	35200	0.025363421	0.23059292	0.034142353	0.32496846
353	35300	0.029931217	0.21500549	0.038127035	0.32417834
354	35400	0.02370171	0.19361736	0.034535524	0.32740638
355	35500	0.027990142	0.22069025	0.03644623	0.32617506
356	35600	0.04155431	0.2122498	0.041453145	0.3258724
357	35700	0.034506064	0.20853154	0.049987998	0.32067114
358	35800	0.03416978	0.24270494	0.03671458	0.32511973
359	35900	0.02739644	0.1998418	0.044055585	0.3231633
360	36000	0.030732123	0.1980708	0.04186615	0.32541397
361	36100	0.03382074	0.23061052	0.046585996	0.3243223
362	36200	0.034171123	0.205935	0.046181846	0.33000124
363	36300	0.03211228	0.21457636	0.05126882	0.32452098
364	36400	0.031337194	0.225933	0.047541812	0.32531106
365	36500	0.033144407	0.1907052	0.04911448	0.32268673
366	36600	0.026076864	0.17852014	0.042696327	0.3269544
367	36700	0.027543064	0.19412883	0.043777365	0.32383218
368	36800	0.025619997	0.22152494	0.040155943	0.3237671
369	36900	0.0313714	0.2101185	0.04174774	0.3291555
370	37000	0.031344123	0.23275933	0.03902232	0.32602784
371	37100	0.027422924	0.20453909	0.03488607	0.32651183
372	37200	0.041579273	0.20611157	0.04329356	0.3271837
373	37300	0.027019769	0.21423073	0.04348999	0.32739174
374	37400	0.032883752	0.22122353	0.04462474	0.32125536
375	37500	0.033948448	0.19499128	0.03458313	0.3272983
376	37600	0.0341729	0.20329098	0.05303324	0.32311696
377	37700	0.0511954	0.2188685	0.05300415	0.32221
378	37800	0.025723966	0.20048559	0.036054485	0.32886142
379	37900	0.031917926	0.23327413	0.03408376	0.32621425
380	38000	0.033453234	0.2074345	0.03730184	0.3245562
381	38100	0.03669548	0.2115233	0.06930603	0.32755566
382	38200	0.026497433	0.19607024	0.04120931	0.32095188
383	38300	0.027352806	0.21490596	0.032910664	0.32248613
384	38400	0.030154457	0.21396318	0.034091186	0.3266178
385	38500	0.029820086	0.2174081	0.04739848	0.32639265
386	38600	0.030987477	0.22308578	0.031179607	0.3235214
387	38700	0.031987146	0.22835714	0.041034956	0.3272698
388	38800	0.037299417	0.19321547	0.042823996	0.31989756
389	38900	0.029984774	0.21439014	0.04251577	0.3198128
390	39000	0.030828156	0.2214843	0.044495955	0.32459822
391	39100	0.03218283	0.20444718	0.05426859	0.3224864
392	39200	0.03230649	0.21426885	0.043473713	0.33515072
393	39300	0.031913083	0.19625099	0.054694828	0.32038105
394	39400	0.030343458	0.20783393	0.040704954	0.32223424
395	39500	0.029050035	0.16434458	0.04512685	0.32270232
396	39600	0.02257881	0.22018869	0.038196206	0.32819316
397	39700	0.0233612	0.213276	0.03808797	0.33359462
398	39800	0.033298578	0.21545298	0.03264404	0.32075682
399	39900	0.026147319	0.20645829	0.032497764	0.32184505
400	40000	0.036875058	0.20156519	0.057089537	0.3215146
401	40100	0.02451592	0.21309781	0.03598033	0.32192463
402	40200	0.02787728	0.19491407	0.03398743	0.32482985
403	40300	0.028612444	0.20522621	0.04457642	0.32610923
404	40400	0.035031736	0.18883105	0.034747515	0.31983286
405	40500	0.029248357	0.19552179	0.06486246	0.32864523
406	40600	0.030233918	0.21276861	0.056307577	0.3228858
407	40700	0.022789782	0.18173602	0.041741744	0.32392508
408	40800	0.03236296	0.24593456	0.039484456	0.3215004
409	40900	0.03160665	0.2038196	0.032701414	0.32950678
410	41000	0.027220232	0.21666245	0.03953308	0.32737696
411	41100	0.026010862	0.20305413	0.037047423	0.32244036
412	41200	0.02885184	0.21147105	0.04004791	0.3326223
413	41300	0.034648117	0.1820972	0.03440094	0.3209153
414	41400	0.030945502	0.21043701	0.06640472	0.33093223
415	41500	0.034525063	0.21059312	0.059944462	0.3223383
416	41600	0.032450214	0.2214192	0.062027387	0.33265597
417	41700	0.02889624	0.1899331	0.039386697	0.32237273
418	41800	0.02646153	0.1956304	0.042275596	0.3204766
419	41900	0.03149405	0.20114236	0.04469737	0.32101893
420	42000	0.027427882	0.18896064	0.03771576	0.31962907
421	42100	0.029071009	0.20604342	0.036847435	0.32327962
422	42200	0.023604691	0.21118161	0.0432782	0.3233091
423	42300	0.023575546	0.17901593	0.03052643	0.32201657
424	42400	0.030857591	0.20521422	0.041551106	0.32442942
425	42500	0.03227488	0.20300987	0.036754455	0.3214901
426	42600	0.03156016	0.19622926	0.03570933	0.32272398
427	42700	0.032231115	0.19292322	0.033076175	0.32230932
428	42800	0.024541473	0.22104466	0.045479227	0.31950936
429	42900	0.021932492	0.18498395	0.034312747	0.32203776
430	43000	0.025307987	0.19113386	0.03762024	0.3207337
431	43100	0.035624914	0.19259848	0.04160319	0.32135674
432	43200	0.032470543	0.20153172	0.06575572	0.3214376
433	43300	0.025764672	0.19908687	0.04147654	0.3185437
434	43400	0.030205734	0.19410145	0.038777262	0.3256913
435	43500	0.040153764	0.21347728	0.056582846	0.33263776
436	43600	0.024816362	0.19546616	0.03286021	0.32279876
437	43700	0.024932053	0.18792915	0.039977927	0.32654122
438	43800	0.026417548	0.22243235	0.03401347	0.3231737
439	43900	0.025542395	0.18137622	0.06212616	0.3220752
440	44000	0.028802145	0.20295362	0.04020935	0.32176298
441	44100	0.04411677	0.1908342	0.035428874	0.32529423
442	44200	0.025515635	0.23138583	0.033547666	0.32500947
443	44300	0.04453208	0.2029582	0.032897137	0.31962872
444	44400	0.036142666	0.20079051	0.035913695	0.32116354
445	44500	0.028031483	0.2061945	0.031848144	0.32406595
446	44600	0.027721504	0.19977777	0.039910786	0.32101908
447	44700	0.042741857	0.19263199	0.040950727	0.31938466
448	44800	0.023709554	0.21564041	0.04451589	0.32635838
449	44900	0.02627734	0.2028359	0.035629068	0.32041493
450	45000	0.021931162	0.20593329	0.03524689	0.3212782
451	45100	0.022613533	0.20104566	0.034920044	0.32107586
452	45200	0.031600717	0.2050992	0.043499555	0.3226396
453	45300	0.032348443	0.21440335	0.049982503	0.3161542
454	45400	0.023951247	0.20494768	0.031874996	0.31839186
455	45500	0.022549842	0.19374976	0.038503215	0.31888315
456	45600	0.024419207	0.21486862	0.03194102	0.3204115
457	45700	0.022745168	0.20311536	0.03846883	0.32704824
458	45800	0.024846835	0.21139279	0.038285628	0.32082036
459	45900	0.026838291	0.20319416	0.03657206	0.31906235
460	46000	0.024105357	0.20499758	0.032167256	0.3213059
461	46100	0.04097014	0.19667274	0.04288442	0.31728745
462	46200	0.034063227	0.21117021	0.05201355	0.31902075
463	46300	0.030459512	0.2097757	0.045483094	0.32435182
464	46400	0.038288806	0.21768506	0.038518064	0.32275888
465	46500	0.022742301	0.1921826	0.038611755	0.32462347
466	46600	0.03429843	0.22736351	0.04683604	0.32441157
467	46700	0.024595184	0.17604691	0.03363973	0.32324463
468	46800	0.024104988	0.20659986	0.04642436	0.32225454
469	46900	0.03333225	0.19886537	0.053218998	0.31755227
470	47000	0.03377695	0.1979973	0.036528014	0.3213991
471	47100	0.026095152	0.22160731	0.039860837	0.32154092
472	47200	0.026704904	0.22133096	0.031581625	0.32372802
473	47300	0.024225837	0.21479745	0.04146688	0.31756908
474	47400	0.026241131	0.21762967	0.037298992	0.31937316
475	47500	0.022378026	0.2160281	0.03993184	0.31942812
476	47600	0.029242277	0.20396823	0.03215312	0.32183248
477	47700	0.03034848	0.20820725	0.032755125	0.32122794
478	47800	0.02301061	0.19629179	0.033340655	0.32059705
479	47900	0.022613507	0.20796205	0.03508148	0.3201949
480	48000	0.02523066	0.20943387	0.041570235	0.31869882
481	48100	0.0369987	0.20095006	0.04971446	0.3187818
482	48200	0.028977219	0.20364182	0.03665873	0.3170418
483	48300	0.021002667	0.17556599	0.034643758	0.32161787
484	48400	0.021536736	0.19530362	0.03990275	0.3200664
485	48500	0.029417854	0.21661018	0.04701589	0.3219622
486	48600	0.029254297	0.2089183	0.036362305	0.32311115
487	48700	0.026440863	0.20715821	0.035849713	0.31773973
488	48800	0.028226992	0.20194606	0.04271759	0.3180578
489	48900	0.028915295	0.2025337	0.03506805	0.31609097
490	49000	0.030619953	0.20888728	0.040455017	0.32142574
491	49100	0.025364477	0.21636042	0.042300113	0.321402
492	49200	0.021312162	0.17128758	0.035523474	0.32107988
493	49300	0.031157663	0.19230393	0.04139211	0.31910574
494	49400	0.031525273	0.20813973	0.030826008	0.32073689
495	49500	0.02656349	0.18740104	0.03723368	0.31799296
496	49600	0.025902057	0.1985502	0.0367043	0.32315528
497	49700	0.037635732	0.21499056	0.03345449	0.31891704
498	49800	0.0329525	0.19271939	0.041678876	0.31853116
499	49900	0.029638514	0.18691273	0.03280202	0.31939083
500	50000	0.02173635	0.18912466	0.03452128	0.31907585
501	50100	0.02637182	0.19079554	0.04102336	0.3194725
502	50200	0.03018783	0.17802964	0.037660725	0.3188147
503	50300	0.031974565	0.19350593	0.07342499	0.31691593
504	50400	0.02513645	0.19597934	0.054698184	0.31896657
505	50500	0.031252462	0.19927855	0.049409278	0.31917343
506	50600	0.025460538	0.18831566	0.03297272	0.3158811
507	50700	0.026861362	0.19437753	0.03336131	0.3182861
508	50800	0.031133514	0.21336961	0.040922545	0.3179539
509	50900	0.03272139	0.19966157	0.0486556	0.3183269
510	51000	0.02876278	0.19347617	0.056816306	0.31640473
511	51100	0.023297189	0.16513257	0.036318664	0.31823018
512	51200	0.024206253	0.21661387	0.034768473	0.32151946
513	51300	0.025442619	0.19708024	0.033767093	0.31861436
514	51400	0.030562446	0.20141268	0.03972829	0.3227815
515	51500	0.023534907	0.1955813	0.03282257	0.31658083
516	51600	0.02943237	0.21096464	0.037286885	0.32255074
517	51700	0.029593954	0.2051307	0.038393047	0.3192151
518	51800	0.019799922	0.20721127	0.03259918	0.31936514
519	51900	0.024489066	0.19607158	0.048599344	0.3178836
520	52000	0.026014362	0.1960277	0.032637227	0.32804963
521	52100	0.030074295	0.20404388	0.038494263	0.32065853
522	52200	0.026944822	0.216892	0.041314803	0.31840047
523	52300	0.024849903	0.1847045	0.034331564	0.32012686
524	52400	0.02683318	0.20271516	0.031144511	0.32160163
525	52500	0.026457863	0.21479088	0.03382019	0.3183279
526	52600	0.026532114	0.20309056	0.041054282	0.31850383
527	52700	0.023363626	0.19773157	0.033700563	0.3220197
528	52800	0.02537806	0.20288287	0.048433937	0.31574178
529	52900	0.025875742	0.21976523	0.040633135	0.31898624
530	53000	0.02604413	0.20946836	0.032267556	0.31707636
531	53100	0.027274318	0.19990492	0.03632029	0.31635234
532	53200	0.023253823	0.20414452	0.03494639	0.31930536
533	53300	0.02408812	0.18413934	0.0386852	0.31709993
534	53400	0.021369992	0.19569105	0.03444936	0.32232708
535	53500	0.028824553	0.19152758	0.037420757	0.3190333
536	53600	0.021632364	0.20309436	0.03678884	0.31777585
537	53700	0.02812866	0.20373747	0.04640147	0.3154776
538	53800	0.020846363	0.20414129	0.038767703	0.31557292
539	53900	0.023186855	0.17355372	0.039707642	0.3142676
540	54000	0.025279598	0.21237972	0.036536254	0.3191685
541	54100	0.036713395	0.204403	0.06295237	0.32236525
542	54200	0.03154678	0.1855436	0.06776978	0.3193349
543	54300	0.026514925	0.19617146	0.033917543	0.31780097
544	54400	0.027442971	0.193165	0.0512854	0.32251462
545	54500	0.01955352	0.19940662	0.03544322	0.3160991
546	54600	0.024393506	0.2041916	0.040031128	0.31832916
547	54700	0.027338384	0.20310731	0.044056907	0.31614992
548	54800	0.022106607	0.18588129	0.034648538	0.31897897
549	54900	0.022743661	0.18625902	0.032441914	0.31628522
550	55000	0.028139763	0.1991276	0.03148051	0.31814593
551	55100	0.025222	0.22137919	0.038293455	0.31643638
552	55200	0.030089064	0.21053009	0.0344754	0.3200724
553	55300	0.02680323	0.20878355	0.037078857	0.32098934
554	55400	0.022810675	0.1840627	0.032697245	0.3177162
555	55500	0.022602905	0.19638044	0.033922628	0.3192364
556	55600	0.025471017	0.21371192	0.03732615	0.31648248
557	55700	0.03698572	0.20908564	0.052704368	0.31608492
558	55800	0.024127703	0.19403993	0.036667585	0.315415
559	55900	0.028237617	0.19461548	0.037577108	0.31930557
560	56000	0.028241513	0.17937142	0.03740906	0.31902802
561	56100	0.017733846	0.18861552	0.03329234	0.32059658
562	56200	0.04091184	0.19984895	0.040949706	0.31671557
563	56300	0.030161602	0.22040653	0.042592064	0.31820774
564	56400	0.0254946	0.19731317	0.036250103	0.3169794
565	56500	0.024789881	0.23051694	0.034210715	0.31851262
566	56600	0.02043042	0.18661922	0.035118103	0.31856185
567	56700	0.028423253	0.21389699	0.0387558	0.316555
568	56800	0.023553586	0.20433845	0.039058432	0.31871003
569	56900	0.023844253	0.1849067	0.041685384	0.31976616
570	57000	0.028724477	0.19851437	0.03415273	0.31926295
571	57100	0.02275866	0.17663962	0.03546275	0.31810415
572	57200	0.029683264	0.19571462	0.03818207	0.32126912
573	57300	0.032433167	0.2103947	0.057279866	0.32341054
574	57400	0.02910052	0.20498739	0.036920063	0.3194095
575	57500	0.025343472	0.20240653	0.034143064	0.32045197
576	57600	0.024312139	0.19157349	0.05556722	0.3162885
577	57700	0.02271588	0.17172995	0.033074543	0.32158723
578	57800	0.024114933	0.18054655	0.036560565	0.31702846
579	57900	0.03003791	0.20128362	0.042837318	0.31933913
580	58000	0.036120616	0.20013642	0.036353555	0.3204645
581	58100	0.023488447	0.19514033	0.041840415	0.31592306
582	58200	0.025131598	0.19190864	0.039986063	0.31967732
583	58300	0.025831847	0.19893101	0.031238506	0.31449768
584	58400	0.026064716	0.19034673	0.036395464	0.32327712
585	58500	0.018549416	0.18703222	0.033021953	0.31725633
586	58600	0.023939904	0.20316184	0.039202373	0.31921223
587	58700	0.028060395	0.18052244	0.03783559	0.31858596
588	58800	0.021953752	0.19312893	0.029467063	0.31773227
589	58900	0.024581796	0.19467553	0.03277049	0.31830266
590	59000	0.020265853	0.17055956	0.030363971	0.31472233
591	59100	0.021899553	0.20367803	0.034130454	0.31378764
592	59200	0.023132604	0.18667842	0.036556292	0.3174151
593	59300	0.028389227	0.20020077	0.03807719	0.31730056
594	59400	0.024579037	0.214819	0.0328477	0.3183117
595	59500	0.027482707	0.20090328	0.043074034	0.31746823
596	59600	0.024204317	0.19634128	0.036165163	0.31784338
597	59700	0.021052202	0.20390749	0.03566986	0.31672484
598	59800	0.028557904	0.18658438	0.038831078	0.31656536
599	59900	0.02809773	0.201525	0.038570352	0.31624913
600	60000	0.023301525	0.20211062	0.034656167	0.3207982
601	60100	0.026629558	0.20450701	0.036135253	0.31664887
602	60200	0.02401064	0.18842953	0.033171795	0.31657296
603	60300	0.023935549	0.19485044	0.036538087	0.31397423
604	60400	0.02521377	0.19179568	0.031405438	0.31995562
605	60500	0.022406258	0.186484	0.032093912	0.31812382
606	60600	0.02679113	0.19952528	0.030203959	0.32153124
607	60700	0.024649732	0.20493348	0.044738565	0.32108194
608	60800	0.021254778	0.2075419	0.03465251	0.31704813
609	60900	0.02637012	0.1618472	0.033996176	0.3228274
610	61000	0.02027606	0.17324021	0.037948914	0.3150721
611	61100	0.027637817	0.20955046	0.03187327	0.31856674
612	61200	0.038125273	0.1863077	0.04436269	0.31755865
613	61300	0.022287333	0.1737169	0.03270294	0.31660998
614	61400	0.022499543	0.18842408	0.040606994	0.31526917
615	61500	0.018457834	0.19662781	0.035079345	0.319268
616	61600	0.021688081	0.17658499	0.032092184	0.31907266
617	61700	0.02075757	0.20112652	0.036359046	0.3172545
618	61800	0.024490602	0.19847313	0.031408794	0.31671184
619	61900	0.021708347	0.20891166	0.03411377	0.31597057
620	62000	0.02501767	0.19565521	0.039772134	0.31560433
621	62100	0.027730096	0.17995448	0.057627156	0.32072234
622	62200	0.029062977	0.18306388	0.03456767	0.31679407
623	62300	0.024121676	0.20023704	0.03881958	0.316031
624	62400	0.03040873	0.19953427	0.033733416	0.31886154
625	62500	0.024623161	0.18675163	0.035798848	0.31320098
626	62600	0.025468145	0.20486207	0.036593426	0.31877303
627	62700	0.022221759	0.19767553	0.03359151	0.318751
628	62800	0.025810407	0.18383387	0.038085427	0.31665853
629	62900	0.023680832	0.19799185	0.03435323	0.31583157
630	63000	0.03504334	0.19791138	0.03713389	0.316253
631	63100	0.02409413	0.19670452	0.033668008	0.3174937
632	63200	0.023858318	0.20130304	0.034956362	0.31463996
633	63300	0.024704397	0.16901569	0.03564097	0.31460238
634	63400	0.024518732	0.20462486	0.035356138	0.31414488
635	63500	0.026065646	0.21236438	0.040194295	0.31728703
636	63600	0.030210705	0.19221108	0.031924237	0.31551644
637	63700	0.020957306	0.18697578	0.032010596	0.31771812
638	63800	0.02325104	0.22379597	0.035707295	0.31710625
639	63900	0.02777416	0.20138735	0.038040973	0.31466192
640	64000	0.023311095	0.19712907	0.042363692	0.3148714
641	64100	0.03118437	0.20059112	0.035133973	0.3139352
642	64200	0.02546652	0.18975198	0.04335012	0.31378153
643	64300	0.01939372	0.1876976	0.031577554	0.31641585
644	64400	0.017710386	0.18049368	0.038950704	0.3193516
645	64500	0.027885163	0.18239954	0.042597044	0.31424153
646	64600	0.02327845	0.18473943	0.03839722	0.3283568
647	64700	0.026118502	0.19715075	0.044197287	0.31761834
648	64800	0.019418256	0.16548933	0.031001078	0.31375408
649	64900	0.023631081	0.18295567	0.033682965	0.3164748
650	65000	0.024799721	0.21089976	0.036770932	0.31425852
651	65100	0.024776611	0.20324045	0.030945232	0.31552255
652	65200	0.019117428	0.19331175	0.032366026	0.31419843
653	65300	0.023222411	0.18636055	0.03149862	0.31572652
654	65400	0.028582111	0.18024866	0.034481406	0.31843355
655	65500	0.022801744	0.19605082	0.03158549	0.31834492
656	65600	0.023486726	0.16920114	0.03227122	0.3170156
657	65700	0.030509852	0.20080417	0.033650514	0.31800893
658	65800	0.026195357	0.19218417	0.039578654	0.31601968
659	65900	0.023816487	0.16770945	0.0343869	0.31611708
660	66000	0.026161114	0.16780631	0.030263772	0.314839
661	66100	0.021852234	0.1994033	0.031811927	0.3160429
662	66200	0.028386671	0.20010531	0.03367411	0.31552172
663	66300	0.02146455	0.17829756	0.032871705	0.31538296
664	66400	0.025371414	0.2042191	0.03268951	0.31516987
665	66500	0.021710686	0.20856632	0.030974934	0.31392547
666	66600	0.023549194	0.20143886	0.03258189	0.31621048
667	66700	0.023918562	0.19922374	0.035857443	0.31702194
668	66800	0.023230663	0.17951751	0.03329285	0.31775764
669	66900	0.02553082	0.18871193	0.034554444	0.3155199
670	67000	0.021249449	0.17845915	0.031293437	0.31367487
671	67100	0.027821673	0.19187991	0.048742674	0.31517944
672	67200	0.024398893	0.20323366	0.03810242	0.31562936
673	67300	0.02625393	0.2143646	0.03880666	0.31621072
674	67400	0.026239846	0.18014117	0.032524414	0.3166179
675	67500	0.024897376	0.1649627	0.03257965	0.3153203
676	67600	0.021664342	0.19582003	0.03007304	0.3177863
677	67700	0.025375769	0.19362935	0.03161621	0.31321272
678	67800	0.020849286	0.17484196	0.03143392	0.31386268
679	67900	0.02390316	0.16951834	0.037836608	0.3143632
680	68000	0.039112188	0.20489496	0.0399588	0.31481013
681	68100	0.022233998	0.18048768	0.04658356	0.31503302
682	68200	0.030273197	0.18008472	0.04726155	0.31463045
683	68300	0.026953746	0.19798474	0.040092673	0.31563827
684	68400	0.02274868	0.17252713	0.030279642	0.31675586
685	68500	0.023186915	0.19347744	0.033210654	0.3140659
686	68600	0.023301205	0.18141428	0.037116293	0.3149778
687	68700	0.026471721	0.18952881	0.04185537	0.31568024
688	68800	0.024363386	0.20361246	0.034637246	0.3174143
689	68900	0.02507611	0.18876015	0.033854168	0.31589112
690	69000	0.023814114	0.17696969	0.03424642	0.31782362
691	69100	0.022897953	0.17755118	0.03459635	0.31379664
692	69200	0.023279712	0.17565516	0.032591853	0.31474367
693	69300	0.025220798	0.1983189	0.039175723	0.3156262
694	69400	0.01937519	0.18345287	0.031443786	0.31381658
695	69500	0.032369554	0.19510987	0.037324216	0.31292126
696	69600	0.024994913	0.1790555	0.037641093	0.3136904
697	69700	0.025698075	0.187205	0.034939576	0.31456944
698	69800	0.022785842	0.18499821	0.03418925	0.31401947
699	69900	0.022537274	0.18063192	0.0351296	0.31251657
700	70000	0.019900054	0.17911611	0.033340655	0.31456146
701	70100	0.029846778	0.20577899	0.04231659	0.3137607
702	70200	0.030566698	0.20176855	0.03245809	0.31562272
703	70300	0.019931993	0.19413966	0.031891685	0.3152605
704	70400	0.027335789	0.17732912	0.046594746	0.31406698
705	70500	0.02501495	0.19736242	0.045344952	0.3142417
706	70600	0.031295914	0.20152761	0.038214825	0.3153162
707	70700	0.026728194	0.17826073	0.032014158	0.31429145
708	70800	0.027749138	0.18309845	0.048071288	0.31353495
709	70900	0.024157155	0.18368173	0.038680725	0.31661567
710	71000	0.023305604	0.18416053	0.0398467	0.31320968
711	71100	0.02096677	0.19207066	0.03351888	0.32061252
712	71200	0.020785231	0.188025	0.031365357	0.3144331
713	71300	0.028175615	0.19318065	0.037085876	0.31227422
714	71400	0.020554911	0.2000139	0.037415873	0.31979388
715	71500	0.0265293	0.17848437	0.03489217	0.31972224
716	71600	0.022395754	0.18423973	0.033926595	0.3123674
717	71700	0.023672435	0.20288756	0.031047465	0.3140365
718	71800	0.018546458	0.17680326	0.032057293	0.3157295
719	71900	0.02874546	0.1786221	0.029987387	0.31426376
720	72000	0.017319355	0.19680099	0.03317006	0.31373107
721	72100	0.01958544	0.19050445	0.032910872	0.31263536
722	72200	0.03241312	0.18681544	0.042384136	0.3154789
723	72300	0.020356061	0.17171115	0.03329895	0.31585225
724	72400	0.0222633	0.19464353	0.03768972	0.31482324
725	72500	0.02627728	0.2088629	0.032209065	0.31524047
726	72600	0.02766311	0.18052085	0.04030487	0.31512538
727	72700	0.023567358	0.18409944	0.044224653	0.31418213
728	72800	0.02519411	0.18519309	0.047778625	0.31873497
729	72900	0.02419914	0.17183408	0.035627134	0.31390432
730	73000	0.027148541	0.18706243	0.037850037	0.31673238
731	73100	0.024397401	0.17824426	0.03445933	0.3141073
732	73200	0.021541834	0.20359173	0.03203064	0.3147506
733	73300	0.02225332	0.17322645	0.03705922	0.31557855
734	73400	0.022172408	0.17060588	0.032317605	0.3151345
735	73500	0.029127717	0.18950629	0.032554932	0.3131753
736	73600	0.021786889	0.1809608	0.0469811	0.31336612
737	73700	0.021754375	0.17646672	0.034170635	0.31308094
738	73800	0.026878212	0.19339542	0.03831004	0.31220442
739	73900	0.023546746	0.17186984	0.04341319	0.31374592
740	74000	0.026795387	0.17600074	0.032460634	0.31296003
741	74100	0.028601712	0.1535911	0.040038656	0.31438625
742	74200	0.024200447	0.19352676	0.033789977	0.31708795
743	74300	0.019920368	0.19156244	0.032083333	0.31213105
744	74400	0.022760762	0.16333227	0.03173564	0.31313655
745	74500	0.022369264	0.17523237	0.031309713	0.3155459
746	74600	0.026589414	0.17500284	0.030303854	0.31382445
747	74700	0.022529837	0.18786132	0.052164406	0.31327376
748	74800	0.02908187	0.19113052	0.035222676	0.3155282
749	74900	0.025494745	0.18072799	0.0336145	0.31289232
750	75000	0.018972527	0.19821937	0.03435903	0.31632364
751	75100	0.02348851	0.17834687	0.03790375	0.31537196
752	75200	0.022532148	0.1864149	0.032669473	0.3162021
753	75300	0.024291988	0.17474976	0.031853233	0.31412947
754	75400	0.02189699	0.169645	0.033623148	0.3114547
755	75500	0.025078217	0.18600866	0.03357717	0.3133672
756	75600	0.023077818	0.18742101	0.04272817	0.31264997
757	75700	0.029900525	0.18310006	0.050722554	0.31561652
758	75800	0.021099672	0.19251919	0.03570933	0.3122844
759	75900	0.021498268	0.19894828	0.035184428	0.31408918
760	76000	0.027107444	0.17402747	0.051723227	0.31118414
761	76100	0.02779885	0.19869542	0.034174297	0.31217197
762	76200	0.018961338	0.18660869	0.04009725	0.31408992
763	76300	0.02288554	0.19362311	0.034788713	0.31341568
764	76400	0.017607529	0.17810045	0.03163452	0.31624478
765	76500	0.023904758	0.19298992	0.045485128	0.31365502
766	76600	0.022035409	0.1643169	0.034165647	0.31273943
767	76700	0.023760272	0.207629	0.03240367	0.31307167
768	76800	0.022975806	0.19127728	0.029751994	0.31320643
769	76900	0.020583058	0.16955514	0.03747945	0.31522506
770	77000	0.021956846	0.19218314	0.034023743	0.312256
771	77100	0.02123179	0.18883792	0.034784544	0.31473628
772	77200	0.025907151	0.19649158	0.03985555	0.31353542
773	77300	0.020561935	0.19648245	0.033937786	0.3169751
774	77400	0.021146985	0.1661314	0.030659994	0.31481647
775	77500	0.03136148	0.1985246	0.03512685	0.31310418
776	77600	0.027108956	0.2082651	0.03766937	0.319629
777	77700	0.020373141	0.18144663	0.03665456	0.31416783
778	77800	0.025054274	0.16384637	0.039583333	0.31386068
779	77900	0.025453275	0.19127467	0.04157196	0.31942007
780	78000	0.02716293	0.17155185	0.030152487	0.3126424
781	78100	0.025319884	0.18462276	0.03924184	0.31194073
782	78200	0.024172662	0.20188528	0.032494407	0.31204736
783	78300	0.018376846	0.18399012	0.03224599	0.31627828
784	78400	0.02251538	0.18008932	0.034195863	0.31489784
785	78500	0.022130573	0.19209309	0.03262583	0.31200022
786	78600	0.019871298	0.18527539	0.031386312	0.314496
787	78700	0.022673098	0.18700913	0.04365967	0.31046146
788	78800	0.019121835	0.18807907	0.03567454	0.31376538
789	78900	0.021406658	0.17241907	0.032024737	0.31455934
790	79000	0.02124854	0.18115577	0.032287393	0.31265473
791	79100	0.023868972	0.18126565	0.030264689	0.31151345
792	79200	0.017861439	0.1894756	0.032610882	0.3136279
793	79300	0.020498449	0.1739554	0.034354758	0.31223404
794	79400	0.022848671	0.16389261	0.03365977	0.31354603
795	79500	0.023869185	0.18228236	0.03282308	0.3118721
796	79600	0.020212833	0.20435089	0.040882163	0.31231648
797	79700	0.027330546	0.18639801	0.03792582	0.3140466
798	79800	0.017811503	0.17773819	0.030496115	0.31302756
799	79900	0.030216089	0.15939367	0.04812581	0.31279394
800	80000	0.022075402	0.17182721	0.03193878	0.31083462
801	80100	0.03388941	0.18527418	0.03785115	0.3122964
802	80200	0.0175653	0.17721003	0.032040507	0.31228128
803	80300	0.023474328	0.17923103	0.04857859	0.31232858
804	80400	0.023168232	0.18903278	0.033792417	0.3129889
805	80500	0.022191288	0.17255318	0.03705597	0.31104332
806	80600	0.023396961	0.1861216	0.03470103	0.3118204
807	80700	0.024583284	0.19868405	0.029422505	0.3161712
808	80800	0.020304395	0.1875017	0.030275574	0.3120672
809	80900	0.028015064	0.18639559	0.036999308	0.31354335
810	81000	0.02345694	0.18036604	0.03239278	0.31253254
811	81100	0.027482606	0.19433106	0.035577495	0.3106535
812	81200	0.020943368	0.21205398	0.03207967	0.310431
813	81300	0.017494181	0.17373163	0.035923462	0.3120482
814	81400	0.023024824	0.1774692	0.04575226	0.31578508
815	81500	0.02786003	0.18089262	0.031171264	0.3126485
816	81600	0.01874477	0.17840955	0.032803345	0.31723726
817	81700	0.018555926	0.18902643	0.030322775	0.3114894
818	81800	0.024085067	0.17783558	0.034128826	0.31199992
819	81900	0.031236056	0.19350153	0.031835124	0.31218418
820	82000	0.022497028	0.17469628	0.03772715	0.3119851
821	82100	0.023408962	0.21264195	0.03098582	0.31209227
822	82200	0.023017138	0.19495465	0.035957236	0.31117514
823	82300	0.025790175	0.16267775	0.031696066	0.3126042
824	82400	0.025672935	0.1822768	0.032911982	0.31274837
825	82500	0.024249054	0.19426364	0.03792979	0.3147452
826	82600	0.020800801	0.18494995	0.0397877	0.31216708
827	82700	0.019714512	0.20040794	0.039886475	0.31271547
828	82800	0.020830242	0.17559879	0.03404083	0.3115877
829	82900	0.02137354	0.17905891	0.03139638	0.3112703
830	83000	0.020007994	0.16130579	0.030300597	0.31245375
831	83100	0.019691525	0.1951548	0.029472454	0.3117886
832	83200	0.027057584	0.17821632	0.032098692	0.31381634
833	83300	0.020173607	0.17256615	0.03425303	0.31338564
834	83400	0.026121106	0.16521758	0.035332132	0.31413406
835	83500	0.018519627	0.1711476	0.032935176	0.31155053
836	83600	0.020019976	0.18980934	0.03126119	0.3135506
837	83700	0.020335894	0.18939742	0.030359702	0.3127738
838	83800	0.023212098	0.17664772	0.03168172	0.3131986
839	83900	0.02667049	0.1994174	0.030260418	0.310612
840	84000	0.02727978	0.19627754	0.033556722	0.31345206
841	84100	0.023485586	0.1961063	0.030048218	0.3152427
842	84200	0.022008203	0.18263483	0.03185262	0.3136609
843	84300	0.021253705	0.17088841	0.031760357	0.3124701
844	84400	0.032346375	0.18903811	0.03670583	0.31000555
845	84500	0.02484494	0.17215188	0.036883548	0.31124333
846	84600	0.02510243	0.20273162	0.032298584	0.31185415
847	84700	0.020468635	0.18681434	0.03544993	0.31495094
848	84800	0.019435413	0.18840382	0.03305603	0.31154722
849	84900	0.031241328	0.19159509	0.041069847	0.3105554
850	85000	0.019572407	0.17876661	0.031199442	0.31215772
851	85100	0.018766057	0.20047489	0.034208782	0.31433862
852	85200	0.017527081	0.1854966	0.030297138	0.31280625
853	85300	0.020208012	0.18110111	0.032059733	0.31236658
854	85400	0.015028652	0.16739477	0.030966392	0.31014514
855	85500	0.019511653	0.17236622	0.030728046	0.31133315
856	85600	0.024477841	0.15938722	0.03288442	0.31080666
857	85700	0.017982569	0.18459919	0.029751182	0.31155914
858	85800	0.016991364	0.18467177	0.034148764	0.31281275
859	85900	0.018353248	0.19167091	0.038254295	0.31313607
860	86000	0.018968297	0.1767919	0.037669577	0.31284782
861	86100	0.021455087	0.1921914	0.031726785	0.31215852
862	86200	0.02958424	0.18058135	0.032783303	0.31120306
863	86300	0.02165375	0.16424257	0.029725749	0.3107482
864	86400	0.022129403	0.2146227	0.037183024	0.31070727
865	86500	0.023824612	0.2032833	0.032044068	0.31259793
866	86600	0.020589227	0.17668176	0.032036133	0.31182584
867	86700	0.021143094	0.19106705	0.032824706	0.31074452
868	86800	0.025015205	0.18909541	0.04094696	0.3117001
869	86900	0.019995552	0.16605245	0.030436099	0.31242618
870	87000	0.01754827	0.19037387	0.032497153	0.3103093
871	87100	0.031524926	0.17452794	0.035455223	0.31131732
872	87200	0.021449886	0.18122554	0.039439186	0.3100357
873	87300	0.024105633	0.19879386	0.0366391	0.31014982
874	87400	0.02069591	0.18166155	0.03356333	0.31503493
875	87500	0.020286458	0.17393912	0.035770774	0.31326917
876	87600	0.018726297	0.17631906	0.036490984	0.31095672
877	87700	0.0216511	0.19260788	0.029213157	0.3111081
878	87800	0.02166895	0.18363264	0.032904968	0.31539005
879	87900	0.018336613	0.17366995	0.030062562	0.31142431
880	88000	0.0207612	0.17385602	0.03083486	0.3173726
881	88100	0.020044701	0.16994607	0.0361497	0.31193984
882	88200	0.018267134	0.18147537	0.032909445	0.31143746
883	88300	0.019389164	0.1892534	0.033914387	0.31137732
884	88400	0.021970147	0.18087044	0.030084126	0.31054294
885	88500	0.021800706	0.16924486	0.037438255	0.31145665
886	88600	0.026042037	0.18647224	0.034610696	0.31114596
887	88700	0.024223302	0.18960959	0.033117168	0.31276235
888	88800	0.019580849	0.1881409	0.030537413	0.31197473
889	88900	0.025149697	0.20004511	0.02994568	0.31016734
890	89000	0.027734237	0.18050334	0.044048566	0.3124631
891	89100	0.020938562	0.173472	0.03334391	0.31203458
892	89200	0.023755848	0.19193724	0.030692648	0.31336185
893	89300	0.019294772	0.16960913	0.037558287	0.31270555
894	89400	0.023159357	0.18530005	0.039747417	0.3104187
895	89500	0.022600945	0.19517739	0.030994467	0.31331956
896	89600	0.025108946	0.1853227	0.037337035	0.3118175
897	89700	0.026791086	0.19299367	0.032331135	0.3123388
898	89800	0.020469693	0.18835802	0.030161029	0.31021607
899	89900	0.02119439	0.16780108	0.03435252	0.30965433
900	90000	0.019693965	0.16328104	0.031643882	0.31215492
901	90100	0.022270327	0.17857045	0.03611725	0.31252992
902	90200	0.019821297	0.17698935	0.035821434	0.31263053
903	90300	0.021636909	0.1989175	0.031287845	0.31263474
904	90400	0.018709047	0.19249555	0.035399474	0.31056726
905	90500	0.023653861	0.1729826	0.034031473	0.30941263
906	90600	0.019593338	0.17597574	0.031869505	0.31168953
907	90700	0.020496732	0.16848512	0.03871531	0.3116109
908	90800	0.02243463	0.20016402	0.032428082	0.30936405
909	90900	0.019323627	0.17364873	0.032427266	0.31351802
910	91000	0.021840533	0.18864165	0.04089976	0.3113314
911	91100	0.022962734	0.19003151	0.029871112	0.3115341
912	91200	0.01998292	0.16858454	0.029931435	0.31058195
913	91300	0.026814763	0.19032466	0.032336526	0.31163615
914	91400	0.020178696	0.1812809	0.030971274	0.31167227
915	91500	0.03139165	0.19284703	0.0450768	0.30967426
916	91600	0.025031565	0.17497541	0.034883626	0.31044248
917	91700	0.019921852	0.18564756	0.03246979	0.31117344
918	91800	0.02501123	0.17520066	0.033620503	0.31222394
919	91900	0.02298059	0.18016142	0.0321639	0.31062672
920	92000	0.019678496	0.19761138	0.034452207	0.31250396
921	92100	0.017033044	0.19162486	0.031789653	0.30986524
922	92200	0.021086594	0.18570052	0.03291687	0.31003088
923	92300	0.026807409	0.19974129	0.02952362	0.30971512
924	92400	0.019744173	0.18213011	0.03329671	0.31195748
925	92500	0.023778217	0.18511532	0.036071677	0.31430224
926	92600	0.022850286	0.18584573	0.032455646	0.3102905
927	92700	0.020803029	0.16547066	0.031213582	0.31305912
928	92800	0.01923056	0.1732088	0.03540293	0.31056142
929	92900	0.023323365	0.18724594	0.03772705	0.31189543
930	93000	0.023846533	0.182086	0.0336202	0.31046447
931	93100	0.021537814	0.17966872	0.032784935	0.31094226
932	93200	0.019272413	0.17043385	0.037635904	0.3130778
933	93300	0.018279966	0.17359166	0.03581879	0.31099045
934	93400	0.019783095	0.17500882	0.03438721	0.31242704
935	93500	0.021462884	0.17319523	0.031535443	0.3125614
936	93600	0.020855866	0.1824573	0.03130259	0.31238332
937	93700	0.022335196	0.17045873	0.031112673	0.31026804
938	93800	0.02172833	0.18704902	0.032085568	0.31161204
939	93900	0.0225757	0.18894441	0.030529989	0.3134333
940	94000	0.022948883	0.18380505	0.031194052	0.3123998
941	94100	0.023975369	0.17301363	0.033432208	0.31075233
942	94200	0.023509493	0.18303663	0.03182271	0.3097682
943	94300	0.021121547	0.19723727	0.035069276	0.31067243
944	94400	0.029643258	0.18471758	0.028828532	0.3116028
945	94500	0.019206865	0.16880661	0.03169515	0.31227106
946	94600	0.02336764	0.16912974	0.030726114	0.3134071
947	94700	0.02045809	0.17523983	0.03377818	0.3103796
948	94800	0.022234768	0.1704506	0.030191042	0.31043765
949	94900	0.0174027	0.17578612	0.03001638	0.31122038
950	95000	0.018165179	0.17132849	0.030856425	0.3111264
951	95100	0.021934252	0.18740517	0.033744402	0.3097792
952	95200	0.020138178	0.1798422	0.0354894	0.31097832
953	95300	0.023951584	0.17896129	0.030675353	0.31037998
954	95400	0.02013566	0.18956351	0.033223774	0.31194538
955	95500	0.01859478	0.18976128	0.03104136	0.31132102
956	95600	0.018239295	0.16636173	0.03072174	0.30994153
957	95700	0.022314794	0.18713243	0.033554483	0.31041592
958	95800	0.018116582	0.18473774	0.030690614	0.31069505
959	95900	0.01993068	0.18657765	0.03124054	0.31024963
960	96000	0.017908221	0.17183477	0.030337827	0.30990693
961	96100	0.017735792	0.1883262	0.030856222	0.3132617
962	96200	0.01890684	0.1905182	0.033483785	0.30958083
963	96300	0.023211198	0.17085753	0.03313436	0.31016266
964	96400	0.016748887	0.16393529	0.031790774	0.31004813
965	96500	0.019067857	0.17344625	0.034285482	0.3138154
966	96600	0.019635247	0.20152636	0.03171712	0.31081128
967	96700	0.0234685	0.18009304	0.03401581	0.31208703
968	96800	0.017022913	0.16385174	0.03302185	0.30990642
969	96900	0.022896238	0.18593831	0.03604411	0.31200856
970	97000	0.023976455	0.2013463	0.038504537	0.3117651
971	97100	0.019695362	0.17218256	0.03440857	0.3122905
972	97200	0.021918548	0.20105451	0.030532531	0.31291202
973	97300	0.021388415	0.19422302	0.032620344	0.31044817
974	97400	0.023394365	0.18017383	0.032129012	0.30885074
975	97500	0.020678245	0.1941453	0.030721437	0.31088933
976	97600	0.01939008	0.17986508	0.031157633	0.3115554
977	97700	0.020479226	0.18871978	0.033030905	0.30731165
978	97800	0.019308502	0.20222627	0.03316915	0.3097103
979	97900	0.021524815	0.19203623	0.03939982	0.3125233
980	98000	0.02063403	0.20443739	0.030980527	0.3097932
981	98100	0.018352319	0.16066495	0.029812418	0.31015804
982	98200	0.021186514	0.17251447	0.035620015	0.3101704
983	98300	0.022437843	0.1851482	0.038424276	0.31138512
984	98400	0.02243712	0.19539735	0.029623514	0.31128463
985	98500	0.01861247	0.17987628	0.0324825	0.31042293
986	98600	0.021490159	0.19149452	0.035612997	0.31092295
987	98700	0.01677886	0.18664007	0.030242208	0.31183168
988	98800	0.024809118	0.19880807	0.03474162	0.31124085
989	98900	0.020192113	0.17070179	0.033547364	0.3104701
990	99000	0.02336597	0.18601902	0.030529987	0.3128011
991	99100	0.019095806	0.19866383	0.03201518	0.31062803
992	99200	0.019708538	0.16804434	0.03349762	0.3110448
993	99300	0.02410641	0.18432763	0.031818338	0.30961847
994	99400	0.018463487	0.17550099	0.030761821	0.31130844
995	99500	0.023645785	0.1564037	0.03249105	0.31169915
996	99600	0.024093613	0.1754658	0.031675313	0.30978626
997	99700	0.023328563	0.18841393	0.03054077	0.30996898
998	99800	0.019127611	0.17873156	0.030409748	0.31256136
999	99900	0.021211008	0.17280242	0.030589702	0.31220815
1000	100000	0.023503609	0.16787261	0.031342164	0.31040052
